name,images
AJ_Cook,1
AJ_Lamas,1
Aaron_Eckhart,1
Aaron_Guiel,1
Aaron_Patterson,1
Aaron_Peirsol,4
Aaron_Pena,1
Aaron_Sorkin,2
Aaron_Tippin,1
Abba_Eban,1
Abbas_Kiarostami,1
Abdel_Aziz_Al-Hakim,1
Abdel_Madi_Shabneh,1
Abdel_Nasser_Assidi,2
Abdoulaye_Wade,4
Abdul_Majeed_Shobokshi,1
Abdul_Rahman,1
Abdulaziz_Kamilov,1
Abdullah,4
Abdullah_Ahmad_Badawi,1
Abdullah_Gul,19
Abdullah_Nasseef,1
Abdullah_al-Attiyah,3
Abdullatif_Sener,2
Abel_Aguilar,1
Abel_Pacheco,4
Abid_Hamid_Mahmud_Al-Tikriti,3
Abner_Martinez,1
Abraham_Foxman,1
Aby_Har-Even,1
Adam_Ant,1
Adam_Freier,1
Adam_Herbert,1
Adam_Kennedy,1
Adam_Mair,1
Adam_Rich,1
Adam_Sandler,4
Adam_Scott,2
Adel_Al-Jubeir,3
Adelina_Avila,1
Adisai_Bodharamik,1
Adolfo_Aguilar_Zinser,3
Adolfo_Rodriguez_Saa,2
Adoor_Gopalakarishnan,1
Adrian_Annus,1
Adrian_Fernandez,1
Adrian_McPherson,2
Adrian_Murrell,1
Adrian_Nastase,2
Adriana_Lima,1
Adriana_Perez_Navarro,1
Adrianna_Zuzic,1
Adrien_Brody,12
Afton_Smith,1
Agbani_Darego,1
Agnelo_Queiroz,1
Agnes_Bruckner,1
Ahmad_Jbarah,1
Ahmad_Masood,2
Ahmed_Ahmed,1
Ahmed_Chalabi,5
Ahmed_Ghazi,1
Ahmed_Ibrahim_Bilal,1
Ahmed_Lopez,1
Ahmed_Qureia,1
Ahmet_Demir,1
Ahmet_Necdet_Sezer,2
Ai_Sugiyama,5
Aicha_El_Ouafi,3
Aidan_Quinn,1
Aileen_Riggin_Soule,1
Ain_Seppik,1
Ainsworth_Dyer,1
Aishwarya_Rai,1
Aitor_Gonzalez,2
Aiysha_Smith,1
Ajit_Agarkar,1
Akbar_Al_Baker,1
Akbar_Hashemi_Rafsanjani,3
Akhmed_Zakayev,3
Akiko_Morigami,1
Akmal_Taher,1
Al_Cardenas,1
Al_Davis,2
Al_Gore,8
Al_Leiter,1
Al_Pacino,3
Al_Sharpton,7
Alain_Cervantes,1
Alain_Ducasse,1
Alan_Ball,2
Alan_Dershowitz,1
Alan_Dreher,1
Alan_Greenspan,5
Alan_Greer,1
Alan_Jackson,1
Alan_Mulally,2
Alan_Stonecipher,1
Alan_Tang_Kwong-wing,1
Alan_Trammell,1
Alan_Zemaitis,1
Alanis_Morissette,1
Alanna_Ubach,1
Alastair_Campbell,5
Alastair_Johnston,1
Albaro_Recoba,1
Albert_Brooks,1
Albert_Costa,6
Albert_Montanes,1
Albert_Pujols,1
Alberta_Lee,1
Alberto_Acosta,1
Alberto_Fujimori,2
Alberto_Gonzales,1
Alberto_Ruiz_Gallardon,2
Alberto_Sordi,1
Albrecht_Mentz,2
Aldo_Paredes,2
Alec_Baldwin,4
Alecos_Markides,1
Alejandro_Atchugarry,2
Alejandro_Avila,3
Alejandro_Fernandez,1
Alejandro_Gonzalez_Inarritu,1
Alejandro_Lembo,1
Alejandro_Lerner,1
Alejandro_Lopez,1
Alejandro_Toledo,39
Alek_Wek,1
Aleksander_Kwasniewski,4
Aleksander_Voloshin,1
Alessandra_Cerna,1
Alessandro_Nesta,1
Alex_Barros,2
Alex_Cabrera,1
Alex_Cejka,1
Alex_Corretja,1
Alex_Ferguson,1
Alex_Gonzalez,1
Alex_Holmes,1
Alex_King,1
Alex_Penelas,2
Alex_Popov,1
Alex_Sink,3
Alex_Wallau,1
Alex_Zanardi,1
Alexa_Loren,1
Alexa_Vega,1
Alexander_Downer,4
Alexander_Losyukov,4
Alexander_Lukashenko,1
Alexander_Payne,1
Alexander_Rumyantsev,2
Alexandra_Jackson,1
Alexandra_Pelosi,1
Alexandra_Rozovskaya,1
Alexandra_Spann,1
Alexandra_Stevenson,3
Alexandra_Vodjanikova,2
Alexandre_Daigle,1
Alexandre_Despatie,1
Alexandre_Herchcovitch,1
Alexandre_Vinokourov,1
Alexis_Bledel,1
Alexis_Dennisoff,1
Alfonso_Cuaron,1
Alfonso_Portillo,1
Alfonso_Soriano,1
Alfred_Ford,1
Alfred_Sant,1
Alfredo_Moreno,1
Alfredo_Pena,1
Alfredo_di_Stefano,1
Ali_Abbas,2
Ali_Abdullah_Saleh,1
Ali_Adbul_Karim_Madani,1
Ali_Ahmeti,1
Ali_Bin_Hussein,1
Ali_Fallahian,1
Ali_Hammoud,1
Ali_Khamenei,3
Ali_Mohammed_Maher,1
Ali_Naimi,8
Alice_Fisher,2
Alicia_Hollowell,1
Alicia_Keys,1
Alicia_Molik,1
Alicia_Silverstone,2
Alicia_Witt,1
Alimzhan_Tokhtakhounov,2
Alina_Kabaeva,1
Aline_Chretien,1
Alisha_Richman,1
Alison_Krauss,1
Alison_Lohman,2
Alistair_MacDonald,1
Allan_Houston,1
Allan_Kemakeza,1
Allan_Wagner,1
Allen_Iverson,2
Allen_Rock,1
Allison_Janney,2
Allison_Searing,1
Ally_Sheedy,1
Allyson_Felix,5
Alma_Powell,1
Almeida_Baptista,1
Alonzo_Mourning,1
Alvaro_Noboa,3
Alvaro_Silva_Calderon,4
Alvaro_Uribe,35
Aly_Wagner,1
Alyse_Beaupre,1
Alyson_Hannigan,1
Amanda_Beard,2
Amanda_Bynes,4
Amanda_Coetzer,2
Amanda_Marsh,1
Amanda_Plumer,1
Amber_Frey,1
Amber_Tamblyn,2
Ambrose_Lee,1
Amelia_Vega,7
Amelie_Mauresmo,21
Amer_al-Saadi,4
Amporn_Falise,1
Amr_Moussa,1
Amram_Mitzna,2
Amy_Brenneman,1
Amy_Cotton,1
Amy_Gale,1
Amy_Pascal,1
Amy_Redford,1
Amy_Smart,1
Amy_Yasbeck,1
AnFernce_Negron,1
Ana_Claudia_Talancon,1
Ana_Guevara,7
Ana_Isabel_Sanchez,1
Ana_Palacio,8
Ana_Paula_Gerard,1
Ana_Sebastiao,1
Anastasia_Kelesidou,1
Anastasia_Myskina,3
Anatoliy_Kinakh,1
Anders_Ebbeson,3
Anders_Fogh_Rasmussen,4
Anderson_Varejao,1
Andre_Agassi,36
Andre_Bucher,1
Andre_Lange,1
Andre_Smith,1
Andre_Techine,1
Andrea_Bocelli,1
Andrea_De_Cruz,1
Andrea_Kiser,1
Andrea_Yates,1
Andreas_Vinciguerra,1
Andrei_Konchalovsky,1
Andrei_Mikhnevich,2
Andrei_Nikolishin,1
Andres_DAlessandro,1
Andres_Manuel_Lopez_Obrador,1
Andres_Pastrana,1
Andrew_Bernard,1
Andrew_Bunner,2
Andrew_Caldecott,1
Andrew_Cuomo,2
Andrew_Fastow,1
Andrew_Firestone,1
Andrew_Gilligan,1
Andrew_Jarecki,1
Andrew_Luster,1
Andrew_Niccol,2
Andrew_Sabey,1
Andrew_Shutley,1
Andrew_Weissmann,3
Andrew_Wetzler,1
Andrzej_Tyszkiewicz,1
Andy_Benes,1
Andy_Bryant,1
Andy_Dick,1
Andy_Garcia,1
Andy_Graves,1
Andy_Griffith,1
Andy_Griggs,1
Andy_Hebb,2
Andy_Lau,1
Andy_Madikians,1
Andy_North,1
Andy_Perez,1
Andy_Roddick,15
Andy_Rooney,1
Andy_Warhol,1
Andy_Wisecarver,1
Anette_Hosoi,1
Angel_Lockward,1
Angel_Maza,1
Angela_Alvarado_Rosa,1
Angela_Bassett,6
Angela_Lansbury,2
Angela_Mascia-Frye,1
Angela_Merkel,5
Angelica_Romero,1
Angelina_Jolie,20
Angelo_Genova,1
Angelo_Reyes,4
Angie_Arzola,1
Angie_Martinez,1
Anibal_Ibarra,3
Anil_Ramsook,1
Anita_DeFrantz,1
Anja_Paerson,1
Anjum_Hussain,1
Ann_Godbehere,1
Ann_Landers,1
Ann_Morgan,1
Ann_Veneman,11
Anna_Chicherova,1
Anna_Faris,1
Anna_Jones,1
Anna_Kournikova,12
Anna_Nicole_Smith,2
Anne_Cavers,1
Anne_Donovan,1
Anne_Heche,1
Anne_Krueger,3
Anne_McLellan,3
Anne_ONeil,1
Anneli_Jaatteenmaki,2
Annette_Bening,2
Annette_Lu,3
Annie-Jeanne_Reynaud,1
Annie_Chaplin,1
Annie_Machon,1
Annika_Sorenstam,1
Antanas_Valionis,1
Anthony_Carter,1
Anthony_Corso,1
Anthony_Ervin,1
Anthony_Fauci,2
Anthony_Garotinho,1
Anthony_Hazen,1
Anthony_Hopkins,2
Anthony_LaPaglia,2
Anthony_Lee_Johnson,1
Anthony_Mazur,1
Anthony_Pico,1
Anthony_Pisciotti,1
Anthony_Principi,1
Anthony_Rackauckas,1
Anthony_Scott_Miller,1
Antje_Buschschulte,1
Anton_Balasingham,1
Antonio_Banderas,5
Antonio_Bernardo,1
Antonio_Cassano,1
Antonio_Catania,1
Antonio_Elias_Saca,1
Antonio_Palocci,8
Antonio_Trillanes,3
Antony_Leung,4
Antwun_Echols,1
Anwar_Ibrahim,2
Anzori_Kikalishvili,1
Aparna_Pillai,1
Aram_Adler,1
Arantxa_Sanchez-Vicario,2
Aretha_Franklin,1
Ari_Bousbib,1
Ari_Fleischer,13
Arianna_Huffington,4
Arie_Haan,1
Ariel_Sharon,77
Arif_Mardin,1
Arlen_Specter,3
Armand_Sargen,1
Armando_Avila_Panchame,1
Armando_Calderon_Sol,1
Armando_Carrillo,1
Arminio_Fraga,6
Arnaud_Clement,2
Arnaud_Lagardere,1
Arnie_Boehm,1
Arnold_Palmer,3
Arnold_Schwarzenegger,42
Arnold_Scott,1
Arnoldo_Aleman,5
Aron_Ralston,2
Arsinee_Khanjian,2
Art_Cooper,1
Art_Hoffmann,2
Art_Howe,4
Art_Lopez,1
Arthur_Johnson,1
Arthur_Martinez,1
Artieas_Shanks,1
Arturo_Gatti,3
Arye_Mekel,2
Asa_Hutchinson,2
Ascencion_Barajas,1
Ashanti,5
Ashlea_Talbot,1
Ashley_Judd,1
Ashley_Olsen,1
Ashley_Postell,1
Ashraf_Alasmar,1
Ashraf_Ghani,1
Ashton_Kutcher,3
Asif_Ali_Zardari,1
Asif_Hanif,1
Askar_Akayev,1
Asmaa_Assad,1
Assad_Ahmadi,1
Astou_Ndiaye-Diatta,1
Astrid_Betancourt,1
Astrid_Eyzaguirre,1
Atal_Bihari_Vajpayee,24
Ataollah_Mohajerani,1
Atiabet_Ijan_Amabel,1
Atom_Egoyan,1
Atsushi_Sato,1
Audrey_Lacroix,1
Audrey_Sauret,1
Augustin_Calleri,4
Augusto_Pinochet,2
Augusto_Roa_Bastos,2
Aung_San_Suu_Kyi,2
Austin_Kearns,1
Avril_Lavigne,1
Azmi_Bishara,1
Azra_Akin,4
BB_King,1
BJ_Habibie,1
Babe_Ruth,1
Baburam_Bhattari,1
Bak_Chang-Ryun,1
Barbara_Bach,1
Barbara_Becker,1
Barbara_Bodine,1
Barbara_Boxer,1
Barbara_Brezigar,2
Barbara_De_Brun,1
Barbara_Esbin,1
Barbara_Felt-Miller,1
Barbara_Roberts,1
Barbara_Walters,4
Barbora_Strycova,1
Barbra_Streisand,3
Barrett_Jackman,2
Barry_Alvarez,2
Barry_Bonds,1
Barry_Collier,1
Barry_Diller,1
Barry_Ford,1
Barry_Hinson,1
Barry_Nakell,1
Barry_Switzer,1
Barry_Williams,1
Barry_Zito,2
Bart_Freundlich,1
Bart_Hendricks,1
Bartosz_Kizierowski,1
Barzan_al-Tikriti,1
Basdeo_Panday,1
Bashar_Assad,4
Baz_Luhrmann,1
Beatrice_Dalle,1
Beatriz_Merino,1
Beecher_Ray_Kirby,1
Begum_Khaleda_Zia,2
Bela_Karolyi,1
Ben_Affleck,7
Ben_Betts,1
Ben_Braun,1
Ben_Broussard,1
Ben_Cahoon,1
Ben_Chandler,1
Ben_Cohen,1
Ben_Curtis,3
Ben_Davis,1
Ben_Glisan,2
Ben_Howland,4
Ben_Kingsley,1
Ben_Lee,1
Ben_Stein,1
Ben_Wallace,1
Benazir_Bhutto,5
Benedita_da_Silva,1
Benicio_Del_Toro,1
Benito_Santiago,1
Benjamin_Bratt,1
Benjamin_Franklin,1
Benjamin_Martinez,1
Benjamin_McKenzie,1
Benjamin_Netanyahu,5
Benjamin_Neulander,1
Bernadette_Peters,1
Bernard_Ebbers,1
Bernard_Giraudeau,1
Bernard_Kerik,1
Bernard_Landry,4
Bernard_Law,5
Bernard_Lord,2
Bernard_Siegel,1
Bernardo_Segura,2
Bernice_Wong,1
Bertie_Ahern,5
Bertrand_Bonello,2
Bertrand_Delanoe,1
Beth_Blough,1
Beth_Jones,2
Betsy_Coffin,1
Betsy_Smith,2
Bettina_Rheims,1
Betty_Garrison,1
Betty_Williams,1
Beyonce_Knowles,1
Bianca_Jagger,1
Bijan_Darvish,3
Bijan_Namdar_Zangeneh,2
Bilal_Erdogan,1
Biljana_Plavsic,3
Bill_Belichick,2
Bill_Bradley,1
Bill_Butler,1
Bill_Byrne,1
Bill_Callahan,3
Bill_Carmody,1
Bill_Cartwright,1
Bill_Clancy,1
Bill_Clinton,29
Bill_Curry,1
Bill_Doba,1
Bill_Duffey,1
Bill_Elliott,1
Bill_Fennelly,1
Bill_Frist,9
Bill_Gates,17
Bill_Graham,9
Bill_Guerin,1
Bill_Herrion,1
Bill_Hughes,1
Bill_King,1
Bill_Kollar,1
Bill_Kong,1
Bill_Lerach,1
Bill_Maher,1
Bill_Mauldin,1
Bill_McBride,10
Bill_Nelson,2
Bill_OReilly,1
Bill_Parcells,2
Bill_Parsons,1
Bill_Paxton,4
Bill_Pryor,1
Bill_Rainer,1
Bill_Readdy,1
Bill_Richardson,1
Bill_Self,1
Bill_Simon,15
Bill_Sizemore,2
Bill_Stapleton,1
Bill_Stein,1
Bill_Walton,1
Billy_Andrade,1
Billy_Beane,1
Billy_Bob_Thornton,1
Billy_Boyd,1
Billy_Crawford,1
Billy_Crystal,6
Billy_Donovan,1
Billy_Edelin,1
Billy_Gilman,1
Billy_Graham,2
Billy_Joel,1
Billy_Rork,1
Billy_Sollie,2
Billy_Tibbets,1
Bing_Crosby,1
Binyamin_Ben-Eliezer,7
Bison_Dele,1
Bixente_LIzarazu,1
Blas_Ople,1
Blythe_Danner,2
Blythe_Hartley,2
Bo_Pelini,2
Bo_Ryan,2
Bob_Alper,1
Bob_Beauprez,2
Bob_Bowlsby,1
Bob_Cantrell,1
Bob_Colvin,2
Bob_Crippen,1
Bob_Curtis,1
Bob_Dole,3
Bob_Eskridge,1
Bob_Ferguson,1
Bob_Geldof,2
Bob_Goldman,1
Bob_Graham,6
Bob_Guccione,1
Bob_Hartley,1
Bob_Hayes,1
Bob_Herz,1
Bob_Holden,1
Bob_Hope,8
Bob_Huggins,4
Bob_Iger,1
Bob_Krueger,1
Bob_Melvin,1
Bob_Menendez,1
Bob_Newhart,1
Bob_Petrino,1
Bob_Riley,1
Bob_Stoops,7
Bob_Sulkin,1
Bob_Taft,1
Bob_Wright,1
Bobby_Bowden,1
Bobby_Goldwater,2
Bobby_Jackson,1
Bobby_Kielty,1
Bobby_Robson,2
Bobo_Balde,1
Bode_Miller,2
Bonnie_Fuller,1
Bonnie_Hunt,1
Bono,3
Boris_Becker,6
Boris_Berezovsky,2
Boris_Henry,1
Boris_Jordan,1
Boris_Trajkovski,1
Boris_Yeltsin,2
Boutros_Boutros_Ghali,1
Brad_Alexander_Smith,1
Brad_Banks,1
Brad_Brownell,1
Brad_Garrett,4
Brad_Gushue,1
Brad_Johnson,5
Brad_Miller,1
Brad_Pitt,1
Brad_Russ,1
Brad_Smith,1
Brad_Wilk,1
Brady_Rodgers,1
Brajesh_Mishra,1
Brandon_Boyd,1
Brandon_Fails,1
Brandon_Hammond,1
Brandon_Inge,1
Brandon_Jones,1
Brandon_Knight,1
Brandon_Larson,1
Brandon_Lloyd,1
Brandon_Robinson,1
Brandon_Spann,1
Brandon_Webb,1
Branko_Crvenkovski,3
Brawley_King,1
Brenda_Magana,1
Brenda_Wilson,1
Brenda_van_Dam,1
Brendan_Fraser,1
Brendan_Gaughan,1
Brendan_Hansen,2
Brendan_Stai,1
Brennon_Leighton,1
Brent_Coles,1
Brett_Boone,1
Brett_Hawke,1
Brett_Hull,1
Brett_Perry,1
Brian_Billick,1
Brian_Campbell,1
Brian_Cashman,1
Brian_Clemens,1
Brian_Cook,1
Brian_Cowen,2
Brian_De_Palma,1
Brian_Florence,1
Brian_Grazier,1
Brian_Gregory,1
Brian_Griese,2
Brian_Heidik,2
Brian_Henson,1
Brian_Jordan,1
Brian_Kerr,1
Brian_Lara,1
Brian_McIntyre,1
Brian_Meadors,1
Brian_Mulroney,2
Brian_Olson,1
Brian_Pavlich,1
Brian_Scalabrine,1
Brian_Schneider,1
Brian_StPierre,1
Brian_Van_Dusen,1
Brian_Weaver,1
Brian_Wells,2
Brian_Williams,1
Bridget_Fonda,3
Bridgette_Wilson-Sampras,3
Brigitte_Boisselier,2
Britney_Spears,14
Brittany_Snow,1
Brock_Berlin,1
Bronson_Arroyo,1
Brook_Robinson,1
Brooke_Adams,1
Brooke_Gordon,1
Brooke_Shields,2
Bruce_Arena,1
Bruce_Gebhardt,1
Bruce_Lunsford,1
Bruce_Paltrow,1
Bruce_Springsteen,4
Bruce_Van_De_Velde,2
Bruce_Weber,2
Bruce_Willis,1
Bruna_Colosio,1
Bruno_Junquiera,1
Bryan_Adams,1
Bryan_Chui,1
Bryan_Cooley,1
Bryan_Murray,1
Bryan_Thomas,1
Bryant_Young,1
Bryce_Carmine,1
Buck_Rodgers,1
Bud_Selig,4
Budd_Schulberg,1
Buddy_Ryan,1
Buford_Blount,1
Bulent_Ecevit,6
Bustam_A_Zedan_Aljanabi,1
Butch_Davis,2
Buzz_Hargrove,1
Byron_Scott,2
Cabas,1
Caio_Blat,1
Calbert_Cheaney,1
Calista_Flockhart,6
Calvin_Harrison,1
Calvin_Joseph_Coleman,1
Cameron_Diaz,6
Camilla_Parker_Bowles,2
Camille_Colvin,1
Camille_Lewis,1
Camryn_Manheim,1
Candace_Sutton,1
Candice_Beatty,1
Candice_Bergen,3
Candie_Kung,4
Carey_Lowell,1
Cari_Davis,1
Carin_Koch,1
Carina_Lau_Ka-ling,1
Carl_Levin,1
Carl_Pope,1
Carl_Reiner,2
Carla_Del_Ponte,5
Carla_Gay_Balingit,1
Carla_Gugino,1
Carla_Moreno,1
Carla_Myers,2
Carla_Sullivan,1
Carla_Tricoli,1
Carlo_Ancelotti,3
Carlo_Azeglio_Ciampi,1
Carlos_Alberto,1
Carlos_Alberto_Parreira,1
Carlos_Arroyo,1
Carlos_Barra,1
Carlos_Barragan,1
Carlos_Beltran,1
Carlos_Bianchi,2
Carlos_De_Abreu,1
Carlos_Fasciolo,1
Carlos_Ghosn,2
Carlos_Iturgaitz,1
Carlos_Juarez,1
Carlos_Lordkipanitse,1
Carlos_Manuel_Pruneda,3
Carlos_Menem,21
Carlos_Mesa,2
Carlos_Moya,19
Carlos_Ortega,3
Carlos_Paternina,1
Carlos_Queiroz,1
Carlos_Quintanilla_Schmidt,2
Carlos_Ruckauf,1
Carlos_Ruiz,3
Carlos_Salinas,1
Carlos_Savedra,1
Carlos_Vives,4
Carlton_Baugh,1
Carlton_Dotson,1
Carly_Fiorina,3
Carly_Gullickson,1
Carmen_Electra,6
Carol_Burnett,2
Carol_Carmody,1
Carol_Moseley_Braun,2
Carol_Niedermayer,1
Carol_Williams,1
Carolina_Barco,1
Carolina_Kluft,3
Carolina_Moraes,2
Caroline_Dhavernas,1
Caroline_Kennedy,3
Caroline_Link,1
Carolyn_Dawn_Johnson,3
Carolyn_Kuhl,1
Carrie-Anne_Moss,5
Carroll_Weimer,1
Carson_Daly,2
Carson_Palmer,4
Casey_Crowder,1
Casey_Mears,1
Cass_Ballenger,1
Cassandra_Heise,1
Casy_Preslar,1
Cate_Blanchett,4
Catherine_Bell,1
Catherine_Deneuve,5
Catherine_Donkers,1
Catherine_Ndereba,1
Catherine_Woodard,1
Catherine_Zeta-Jones,11
Cathryn_Crawford,1
Cathy_Chisholm,1
Cathy_Cunningham,1
Cathy_Freeman,2
Catriona_Le_May_Doan,1
Cecile_de_France,1
Cecilia_Bolocco,3
Cecilia_Chang,1
Cecilia_Cheung,1
Cedric_Benson,1
Celia_Cruz,1
Celine_Dion,8
Celso_Amorim,2
Celso_Lafer,1
Cemil_Cicek,1
Cesar_Gaviria,8
Cesar_Maia,2
Cha_Yung-gu,1
Chadha_Gurinder,1
Chakib_Khelil,2
Chan_Choi,1
Chan_Gailey,3
Chan_Ho_Park,1
Chance_Mock,1
Chanda_Rubin,5
Chandrika_Kumaratunga,1
Chang_Dae-whan,2
Chang_Jae_On,1
Chang_Saio-yue,1
Chang_Sang,1
Chang_Tso,1
Chante_Jawan_Mallard,1
Charla_Moye,1
Charlene_Barshefsky,1
Charles_Bell,1
Charles_Bronson,3
Charles_Chandler_IV,1
Charles_Cope,1
Charles_Grassley,2
Charles_Holzner,1
Charles_Ingram,1
Charles_Kartman,2
Charles_Lebois,1
Charles_Mathews,2
Charles_Moose,13
Charles_Pickering,1
Charles_Pouty,1
Charles_Richardson,1
Charles_Rogers,1
Charles_Schumer,2
Charles_Tannok,1
Charles_Taylor,9
Charley_Armey,1
Charlie_Coles,1
Charlie_Deane,1
Charlie_Garner,1
Charlie_Hunnam,1
Charlie_Sheen,1
Charlie_Williams,1
Charlie_Zaa,2
Charlize_Theron,1
Charlotte_Casiraghi,1
Charlotte_Chambers,1
Charlotte_Church,1
Charlotte_Rampling,2
Charlton_Heston,6
Charmaine_Crooks,1
Chawki_Armali,1
Chea_Sophara,1
Chelsea_Clinton,1
Chen_Kaige,1
Chen_Liang_Yu,2
Chen_Shui-bian,5
Chen_Tsai-chin,1
Cherie_Blair,4
Cherry_Jones,1
Cheryl_Ford,1
Cheryl_Hines,1
Cheryl_James,1
Cheryl_Little,1
Cheryl_Tiegs,1
Chhouk_Rin,1
Chick_Hearn,3
Chin-Feng_Chen,1
Chin-Hui_Tsao,1
Chip_Burrus,1
Chip_Ganassi,1
Chip_Knight,1
Chistian_Stahl,1
Chita_Rivera,2
Chloe_Sevigny,1
Cho_Myung-kyun,1
Choi_Sung-hong,5
Choi_Yun-yong,1
Chok_Tong_Goh,2
Chris_Andrews,1
Chris_Bell,2
Chris_Byrd,2
Chris_Cirino,1
Chris_Claiborne,1
Chris_Columbus,1
Chris_Cookson,1
Chris_Cooper,2
Chris_Cornell,1
Chris_Crocker,1
Chris_Dodd,1
Chris_Forsyth,1
Chris_Gratton,1
Chris_Hernandez,1
Chris_Klein,1
Chris_Kolanas,1
Chris_Matthews,1
Chris_Moore,1
Chris_Neil,1
Chris_Noth,1
Chris_Penn,1
Chris_Pronger,1
Chris_Reitsma,1
Chris_Rock,2
Chris_Simon,1
Chris_Swecker,1
Chris_Terry,1
Chris_Thomas,1
Chris_Tucker,2
Chris_Whitney,1
Christian_Bale,1
Christian_Fittipaldi,2
Christian_Gimenez,1
Christian_Lacroix,1
Christian_Lirette,1
Christian_Longo,3
Christian_Malcolm,1
Christian_Olsson,1
Christian_Patino,1
Christian_Von_Wernich,1
Christian_Wulff,2
Christiane_Wulff,1
Christina_Aguilera,4
Christina_Sawaya,1
Christine_Arron,1
Christine_Baumgartner,5
Christine_Ebersole,2
Christine_Gregoire,4
Christine_Rau,1
Christine_Todd_Whitman,6
Christoph_Daum,1
Christopher_Amolsch,1
Christopher_Conyers,1
Christopher_Matero,1
Christopher_Patten,2
Christopher_Reeve,4
Christopher_Russell,1
Christopher_Speer,1
Christopher_Walken,4
Christopher_Whittle,1
Christy_Ferer,1
Christy_Turlington,1
Chuanyun_Li,1
Chuck_Amato,2
Chuck_Bednarik,1
Chuck_Eidson,1
Chuck_Finley,1
Chuck_Hagel,1
Chuck_Woolery,1
Chuck_Yeager,2
Chung_Mong-hun,2
Chung_Mong-joon,2
Chyung_Dai-chul,1
Ciaran_Hinds,1
Cindy_Crawford,3
Cindy_Klassen,1
Cindy_Margolis,2
Cindy_Moll,1
Cindy_Taylor,1
Cindy_Zagorski,1
Ciro_Gomes,5
Claire_Danes,3
Claire_De_Gryse,1
Claire_Hentzen,2
Claire_Leger,2
Claire_Tomalin,1
Clara_Harris,5
Clare_Latimer,1
Clare_Short,4
Clark_Randt,1
Claude_Jorda,1
Claudette_Robinson,1
Claudia_Cardinale,1
Claudia_Coslovich,1
Claudia_Pechstein,5
Claudia_Schiffer,3
Claudine_Farrell,1
Claudio_Abbado,1
Claudio_Lopez,1
Claudio_Ranieri,1
Clay_Aiken,6
Clay_Campbell,1
Clemente_de_la_Vega,1
Cliff_Ellis,1
Clifford_Etienne,1
Clifford_Robinson,1
Clint_Eastwood,6
Clint_Howard,1
Clint_Lamebear,1
Clive_Lloyd,1
Clive_Woodward,1
Coco_dEste,1
Cole_Chapman,1
Coleen_Rowley,1
Colin_Campbell,1
Colin_Cowie,1
Colin_Farrell,9
Colin_Jackson,2
Colin_Montgomerie,5
Colin_Phillips,1
Colin_Powell,236
Colin_Prescot,1
Colleen_Atwood,1
Colleen_Donovan,1
Colleen_Jones,1
Colleen_OClair,1
Colleen_Ryan,1
Collis_Temple_III,1
Columba_Bush,1
Compay_Segundo,1
Conan_OBrien,4
Conchita_Martinez,3
Condoleezza_Rice,11
Connie_Chung,1
Connie_Freydell,1
Conrad_Black,1
Constance_Marie,3
Cora_Cambell,1
Coretta_Scott_King,3
Corey_Maggette,1
Cori_Enghusen,1
Corinna_Harfouch,1
Corinne_Coman,2
Corliss_Williamson,1
Cosmo_Iacavazzi,1
Costas_Simitis,6
Courtney_Cox,1
Courtney_Love,2
Craig_Burley,1
Craig_David,1
Craig_Doblin,1
Craig_Fitzgibbon,1
Craig_MacTavish,1
Craig_Morgan,1
Craig_OClair,1
Craig_Wilson,1
Crandall_Bowles,1
Crispin_Glover,1
Cristian_Barros,1
Cristiano_da_Matta,1
Cristina_Fernandez,2
Cristina_Kirchner,1
Cristina_Saralegui,2
Cristina_Torrens_Valero,1
Cruz_Bustamante,5
Cuba_Gooding_Jr,1
Curt_Weldon,1
Curtis_Joseph,1
Curtis_Rodriguez,1
Curtis_Strange,1
Cyndi_Thompson,2
Cynthia_Nixon,1
Cynthia_Rowley,1
DAngelo_Jimenez,1
Dagmar_Dunlevy,1
Dai_Bachtiar,2
Dai_Chul_Chyung,1
Daisy_Fuentes,4
Daja_Bedanova,1
Dalai_Lama,2
Dale_Bosworth,1
Dale_Earnhardt,1
Dale_Earnhardt_Jr,4
Dalia_Rabin-Pelosoff,1
Damarius_Bilbo,1
Damon_Dash,1
Damon_Stoudamire,1
Damon_van_Dam,2
Dan_Ackroyd,1
Dan_Bartlett,1
Dan_Boyle,1
Dan_Bylsma,1
Dan_Dickau,1
Dan_Duquette,1
Dan_Guerrero,1
Dan_Kellner,1
Dan_LaCoutre,1
Dan_Monson,1
Dan_Morales,3
Dan_Prinster,1
Dan_Quayle,1
Dan_Reeves,1
Dan_Snyder,1
Dan_Wheldon,2
Dana_Vollmer,1
Daniel_Barenboim,1
Daniel_Bruehl,1
Daniel_Chin,1
Daniel_Coats,1
Daniel_Comisso_Urdaneta,1
Daniel_Darnell,1
Daniel_Day-Lewis,3
Daniel_Kurtzer,1
Daniel_Montenegro,1
Daniel_Montgomery,1
Daniel_Ortega,1
Daniel_Osorno,1
Daniel_Patrick_Moynihan,1
Daniel_Pearl,1
Daniel_Radcliffe,4
Daniel_Rouse,1
Daniel_Scioli,1
Daniel_Zelman,1
Daniela_Cicarelli,1
Daniela_Hantuchova,2
Daniele_Bergamin,1
Daniele_Hypolito,1
Daniele_Nardello,1
Daniell_Sunjata,1
Danielle_Spencer,1
Danis_Tanovic,1
Danny_Ainge,1
Danny_Avalon,1
Danny_Elfman,1
Danny_Glover,1
Danny_Green,1
Danny_Morgan,1
Dany_Heatley,1
Darcy_Regier,1
Darin_Erstad,1
Dario_Camuffo,1
Dario_Franchitti,1
Dariusz_Michalczewski,1
Darko_Milicic,1
Darla_Moore,1
Darlene_Garrettson,1
Darrell_Dickey,1
Darrell_Issa,2
Darrell_Porter,2
Darrell_Royal,1
Darren_Campel,1
Darren_Clarke,2
Darryl_McDaniels,1
Darryl_Stingley,1
Darvis_Patton,1
Daryl_Hannah,2
Daryl_Jones,1
Daryl_Parks,1
Daryl_Sabara,1
Daryl_Smith,1
Dave_Barr,1
Dave_Campo,3
Dave_Johnson,1
Dave_Lewis,1
Dave_Matthews,1
Dave_McGinnis,1
Dave_McNally,1
Dave_McNealey,1
Dave_Odom,1
Dave_Potter,1
Dave_Ragone,1
Dave_Robertson,1
Dave_Tucker,1
Dave_Wannstedt,1
Dave_Williams,1
Davey_Johnson,1
David_Alpay,1
David_Anderson,5
David_Arquette,1
David_Ballantyne,1
David_Beckham,31
David_Bell,2
David_Bisbal,1
David_Blaine,1
David_Bowie,1
David_Braley,1
David_Brent,1
David_Brinkley,1
David_Brown,1
David_Canary,1
David_Caraway,2
David_Carradine,1
David_Caruso,3
David_Chase,1
David_Collenette,1
David_Coulthard,2
David_Dewayne_Williams,1
David_Dewhurst,1
David_Dodge,2
David_Donohue,1
David_Dorfman,1
David_Duke,1
David_Duval,1
David_Eldon,1
David_Gest,1
David_Glenn,1
David_Hannay,1
David_Hanson,1
David_Hasselhoff,1
David_Heyman,2
David_Heymann,5
David_Hilt,1
David_Ho,1
David_Howard,1
David_Hyde_Pierce,4
David_Kelley,2
David_Kelly,1
David_Leahy,2
David_McCallum,1
David_McCullough,1
David_McKiernan,1
David_Millar,1
David_Modell,1
David_Montoya,1
David_Myers,2
David_Nalbandian,14
David_Obey,1
David_Oh,1
David_Provost,1
David_Przybyszewski,1
David_Rivkin_Jr,1
David_Scott_Morris,1
David_Shayler,1
David_Sibleyk,1
David_Siegel,1
David_Sousa,1
David_Spade,2
David_Stern,4
David_Suazo,1
David_Surrett,1
David_Tornberg,1
David_Trimble,5
David_Welch,1
David_Wells,7
David_Westerfield,1
David_Wolf,2
David_Zeplowitz,1
Davis_Love_III,1
Dawn_Staley,1
Dawna_LoPiccolo,1
Dean_Barker,1
Dean_Barkley,4
Dean_Jacek,1
Dean_Sheremet,1
Deb_Santos,1
Debbie_Allen,1
Debbie_Reynolds,4
Debra_Brown,2
Debra_Messing,3
Debra_Rose,1
Debra_Shank,1
Debra_Yang,1
Deece_Eckstein,1
Deena_Burnett,1
Deepa_Mehta,1
Della_Clara,1
Delphine_Chuillot,1
Demetrin_Veal,1
Demetrius_Ferraciu,2
Demi_Moore,4
Denis_Coderre,1
Denis_Fassou-Nguesso,1
Denise_Johnson,2
Denise_Locke,1
Denise_van_Outen,1
Deniz_Baykal,1
Dennis_Archer,1
Dennis_Erickson,2
Dennis_Franchione,1
Dennis_Hastert,6
Dennis_Johnson,1
Dennis_Kozlowski,2
Dennis_Kucinich,7
Dennis_Miller,1
Dennis_Oswald,1
Dennis_Powell,2
Denys_Arcand,1
Denzel_Washington,5
Dereck_Whittenburg,1
Derek_Abney,1
Derek_Bond,1
Derek_Jeter,4
Derek_King,1
Derek_Lowe,2
Derek_Parra,1
Derian_Hatcher,1
Derrick_Battie,1
Derrick_Rodgers,1
Derrick_Taylor,1
Des_Brown,1
Desiree_Lemosi,2
Desiree_McKenzie,1
Desmon_Farmer,1
Devin_Harris,1
Dewayne_White,1
Dexter_Jackson,2
Diana_Krall,6
Diana_Munz,3
Diana_Renee_Valdivieso_Dubon,1
Diana_Ross,1
Diana_Silvius,1
Diana_Taurasi,2
Diana_Taylor,1
Diane_Green,2
Diane_Ladd,1
Diane_Lane,1
Dianne_Feinstein,3
Dianne_Reeves,1
Dick_Armey,1
Dick_Bennett,1
Dick_Cheney,14
Dick_Clark,3
Dick_Devine,1
Dick_Jauron,1
Dick_Latessa,2
Dick_Posthumus,1
Dick_Smothers,1
Dick_Vermeil,2
Didier_Defago,1
Diego_Armando_Maradona,1
Diego_Colorado,1
Diego_Diego_Lerman,1
Dieter_Holzer,1
Dieter_Zetsche,1
Dimitar_Berbatov,1
Dimitri_Perricos,1
Din_Samsudin,1
Dinah_Turner,1
Dino_Risi,1
Dino_de_Laurentis,2
Dinora_Rosales,1
Dion_Glover,1
Dionigi_Tettamanzi,1
Dionne_Warwick,1
Dionyssis_Georgiadis,1
Dirk_Kempthorne,1
Dita_Von_Tesse,1
Djabir_Said-Guerni,1
Doc_Rivers,1
Dolly_Parton,2
Dolma_Tsering,2
Dominic_Monaghan,1
Dominick_Dunne,1
Dominik_Garcia-Lorido,2
Dominik_Hrbaty,1
Dominique_Perben,1
Dominique_de_Villepin,15
Don_Boudria,1
Don_Carcieri,1
Don_Flanagan,1
Don_Henley,1
Don_Hewitt,1
Don_King,1
Don_Lake,1
Don_Matthews,1
Don_Meredith,1
Don_Nickles,2
Don_Siegelman,4
Donald_Anderson,1
Donald_Carty,1
Donald_Evans,2
Donald_Fehr,4
Donald_Hays,1
Donald_Keck,1
Donald_Keyser,1
Donald_Pettit,3
Donald_Regan,1
Donald_Rumsfeld,121
Donald_Trump,1
Donatella_Versace,3
Donna_Barrera,1
Donna_Brazile,1
Donna_Morrissey,1
Donna_Ralston,1
Donna_Shalala,2
Donna_Walker,1
Donnie_Brennan,1
Donny_Osmond,1
Dora_Bakoyianni,1
Doris_Roberts,3
Doris_Schroeder,4
Dorothy_Lamour,1
Dorothy_Loudon,1
Dorothy_Wilson,1
Dorthy_Moxley,2
Dot_Helms,1
Doug_Christie,1
Doug_Collins,2
Doug_Duncan,2
Doug_Melvin,3
Doug_Moe,1
Doug_Racine,1
Doug_Wilson,1
Douglas_Faneuil,1
Douglas_Gansler,1
Douglas_Meester,1
Douglas_Paal,1
Dragan_Covic,1
Drew_Barrymore,2
Drew_Bledsoe,1
Drew_Gooden,1
Du_Qinglin,1
Duane_Barber,1
Duane_Lee_Chapman,2
Dudley_Rogers,1
Dule_Hill,1
Duncan_Fletcher,1
Dunn_Lampton,1
Dustan_Mohr,1
Dustin_Brown,1
Dustin_Hoffman,1
Dusty_Baker,1
Dwain_Kyles,1
Dwayne_Johnson,2
Dwayne_Wade,1
Dwayne_Williams,1
Dyab_Abou_Jahjah,1
Dyana_Calub,1
E_Clay_Shaw,1
Earl_Campbell,1
Earl_Counter,1
Earl_Fritts,1
Earl_Scruggs,1
Ed_Book,1
Ed_Case,1
Ed_Mekertichian,1
Ed_Rendell,1
Ed_Rosenthal,3
Ed_Smart,3
Ed_Sullivan,1
Ed_Wade,1
Eddie_Compass,1
Eddie_Fenech_Adami,1
Eddie_Jordan,1
Eddie_Lewis,1
Eddie_Lucio,1
Eddie_Murray,1
Eddie_Sutton,2
Eddy_Hartenstein,1
Eddy_Merckx,2
Edgar_Savisaar,1
Edie_Falco,2
Edina_Batar,1
Edith_Masai,1
Edmund_Hillary,3
Edmund_Stoiber,13
Edouard_Michelin,1
Eduard_Limonov,1
Eduard_Shevardnadze,5
Eduardo_Chillida,1
Eduardo_Duhalde,14
Eduardo_Fischer,1
Eduardo_Romero,1
Edward_Albee,1
Edward_Arsenault,1
Edward_Belvin,1
Edward_Burns,1
Edward_Egan,1
Edward_Flynn,1
Edward_Greenspan,1
Edward_James_Olmos,2
Edward_Johnson,1
Edward_Kennedy,3
Edward_Lohn,1
Edward_Lu,6
Edward_Norton,2
Edward_Said,2
Edward_Seaga,1
Edwin_Edwards,3
Edwina_Currie,4
Efrain_Rios_Montt,1
Eglis_Yaima_Cruz,1
Eileen_Coparropa,3
Eileen_Spina,1
Einars_Repse,1
Ekaterina_Dmitriev,1
Ekke_Hard_Forberg,1
El_Hadji_Diouf,1
Eladio_Larez,1
Elaine_Chao,1
Elaine_Stritch,1
Elena_Bereznaya,1
Elena_Bovina,3
Elena_Dementieva,1
Elena_Likhovtseva,1
Elena_Tihomirova,1
Elena_de_Chavez,1
Elgin_Baylor,1
Eli_Broad,1
Eli_Rosenbaum,1
Eli_Stutsman,1
Eliane_Karp,4
Elias_Attallah,1
Elijah_Wood,3
Elijan_Ingram,1
Elin_Nordegren,2
Elinor_Caplan,2
Eliott_Spitzer,1
Elisabeth_Schumacher,2
Elisabeth_Welch,1
Elisha_Cuthbert,1
Eliza_Dushku,1
Eliza_Manningham-Buller,1
Elizabeth_Berkeley,1
Elizabeth_Dole,4
Elizabeth_Hill,1
Elizabeth_Hurley,5
Elizabeth_Pena,1
Elizabeth_Regan,1
Elizabeth_Shue,2
Elizabeth_Smart,5
Elizabeth_Taylor,2
Ellen_Barkin,1
Ellen_DeGeneres,2
Ellen_Engleman,2
Ellen_MacArthur,1
Ellen_Martin,1
Ellen_Pompeo,1
Ellen_Saracini,1
Elliott_Mincberg,1
Elmar_Brok,1
Elodie_Bouchez,1
Eloy_Gutierrez,1
Elsa_Zylberstein,6
Elton_John,7
Elva_Hsiao,1
Elvis_Costello,1
Elvis_Presley,2
Elvis_Stojko,1
Emanuel_Ginobili,5
Emelie_Loit,1
Emile_Lahoud,2
Emilio_Azcarraga_Jean,1
Emilio_Botin,1
Emily_Mason,1
Emily_Mortimer,1
Emily_Robison,2
Emily_Stevens,1
Eminem,1
Emma_Nicholson,1
Emma_Thompson,3
Emma_Watson,5
Emmanuel_Filiberto,1
Emmanuel_Milingo,1
Emmanuelle_Beart,3
Emmanuelle_Jagodsinski,1
Emmit_Smith,2
Emmy_Rossum,1
Emyr_Jones_Parry,1
Enola_Rice,1
Enos_Slaughter,1
Enrica_Fico,1
Enrik_Vendt,1
Enrique_Bolanos,5
Enrique_Haroldo_Gorriaran_Merlo,1
Enrique_Iglesias,1
Enrique_Medina_Gomez,1
Enrique_Oliu,1
Eric_Bana,1
Eric_Benet,1
Eric_Christian_Olsen,1
Eric_Clapton,2
Eric_Daze,1
Eric_Dubin,1
Eric_Fehr,1
Eric_Hinske,2
Eric_Idle,1
Eric_Lindros,1
Eric_Lloyd,1
Eric_Robert_Rudolph,3
Eric_Rosser,2
Eric_Ryan_Donnelly,1
Eric_Schacht,1
Eric_Shinseki,1
Eric_Snow,1
Eric_Staal,1
Eric_Taino,1
Eric_Vigouroux,1
Eric_Wedge,1
Erick_Barkley,1
Erik_Morales,3
Erika_Christensen,2
Erika_Harold,5
Erika_Reyes,1
Eriko_Tamura,1
Erin_Brockovich,1
Erin_Hershey_Presley,1
Erin_Runnion,4
Ernest_Hollings,1
Ernesto_Zedillo,2
Ernie_Els,4
Ernie_Eves,2
Ernie_Fletcher,2
Ernie_Grunfeld,1
Ernie_Harwell,1
Ernie_Preate,1
Ernie_Stewart,1
Erskine_Bowles,1
Erwin_Abdullah,1
Erwin_Mapasseng,1
Esad_Landzo,1
Esteban_Cordoba-Velazquez,1
Estella_Warren,1
Estelle_Morris,1
Ester_Canadas,1
Esther_Macklin,1
Ethan_Hawke,4
Etta_James,1
Eugene_Melnyk,1
Eugene_Teslovic,1
Eunice_Barber,2
Eurico_Guterres,1
Eva_Amurri,1
Eva_Dimas,2
Eva_Herzigova,1
Eva_Marie_Saint,1
Eva_Mendes,1
Evan_Marriott,1
Evan_Rachel_Wood,3
Evander_Holyfield,2
Eve_Ensler,1
Eve_Pelletier,2
Evelyn_Lauder,1
Evgeni_Plushenko,1
Evie_Lazarou,1
Evo_Morales,1
Ewan_McGregor,1
Fabian_Vargas,1
Fabiola_Zuluaga,2
Fabrice_Santoro,3
Fabricio_Oberto,1
Faisal_Iqbal,1
Faisal_Saleh_Hayat,1
Fann_Wong,1
Farida_Ragoonanan,1
Farouk_Kaddoumi,1
Farouk_al-Sharaa,3
Fatma_Kusibeh,1
Fatmir_Limaj,1
Faye_Alibocus,1
Faye_Dunaway,3
Faye_Wong,1
Fayssal_Mekdad,4
Fazal-ur-Rehman,1
Federico_Castelan_Sayre,1
Federico_Fellini,1
Federico_Trillo,3
Feliciano_Lopez,1
Felicity_Huffman,1
Felipe_De_Borbon,1
Felipe_Fernandez,1
Felipe_Perez_Roque,4
Felix_Doh,1
Felix_Mantilla,2
Felix_Sanchez,1
Felix_Trinidad,1
Ferenc_Madl,2
Fernando_Alonso,1
Fernando_Gonzalez,9
Fernando_Henrique_Cardoso,8
Fernando_Hierro,1
Fernando_Leon_de_Aranoa,1
Fernando_Sanz,1
Fernando_Valenzuela,1
Fernando_Vargas,4
Fernando_Velardez,1
Festus_Mogae,1
Fidel_Castro,18
Fidel_Castro_Daiz-Balart,1
Filip_De_Winter,1
Filippo_Inzaghi,3
Filippo_Volandri,1
Fiona_Milne,1
Flavia_Delaroli,2
Flavia_Pennetta,1
Flor_Montulo,2
Florecita_Cobian,1
Florencia_Kirchner,1
Florencia_Macri,1
Floyd_Keith,1
Floyd_Mayweather,1
Fran_Drescher,2
Frances_Fisher,2
Francesco_Totti,1
Francis_Collins,1
Francis_Crick,1
Francis_Ford_Coppola,2
Francis_George,2
Francis_Mer,2
Francis_Ricciardone,1
Francisco_Flores,4
Francisco_Garcia,1
Francisco_Maturana,1
Francisco_Santos,1
Francisco_Urenda,1
Franck_Cerutti,1
Franco_Cangele,1
Franco_Dragone,2
Franco_Frattini,1
Francois_Botha,1
Francois_Ozon,1
Francois_Pienaar,1
Frank_Abagnale_Jr,1
Frank_Beamer,1
Frank_Bell,1
Frank_Cassell,3
Frank_Coraci,1
Frank_Dunham_Jr,2
Frank_Griswold,2
Frank_Hilldrup,1
Frank_Hsieh,1
Frank_Keating,1
Frank_Lautenberg,2
Frank_Marshall,1
Frank_Murkowski,1
Frank_Pallone,1
Frank_Schmoekel,1
Frank_Shea,1
Frank_Sinatra,1
Frank_Solich,5
Frank_Stallone,2
Frank_Taylor,1
Frank_Van_Ecke,1
Frank_Wycheck,1
Frank_Zappa,1
Franklin_Brown,1
Franklin_Damann,1
Franko_Simatovic,2
Franz_Beckenbauer,2
Franz_Fischler,4
Franz_Gsell,1
Franz_Muentefering,4
Fred_Durst,1
Fred_Eckhard,3
Fred_Funk,2
Fred_Huff,1
Fred_Rogers,1
Fred_Swan,1
Fred_Thompson,3
Fred_Wilpon,1
Freda_Black,1
Freddy_Garcia,2
Freddy_Vasques_Kinchokpe,1
Frederick_Madden,1
Frederique_van_der_Wal,1
Fredric_Seaman,1
Fruit_Chan,1
Fujio_Cho,6
Fujio_Mitarai,1
GL_Peiris,4
Gabi_Zimmer,1
Gabriel_Batistuta,2
Gabriel_Farhi,1
Gabriel_Hughes,1
Gabriel_Jorge_Ferreia,1
Gabriel_Valdes,2
Gabriella_Bo,1
Gabrielle_Rose,1
Gabrielle_Union,1
Gael_Garcia_Bermal,1
Gala_Leon_Garcia,1
Galen_Rowell,1
Gao_Qiang,2
Garry_Alejano,1
Garry_Kasparov,2
Garry_McCoy,1
Garry_Trudeau,2
Garry_Witherall,1
Garth_Drabinsky,1
Gary_Bald,1
Gary_Barnett,1
Gary_Bauer,1
Gary_Bergeron,2
Gary_Bettman,1
Gary_Carter,3
Gary_Coleman,1
Gary_Condit,1
Gary_Dellaverson,1
Gary_Doer,3
Gary_Forsee,2
Gary_Gero,1
Gary_Gitnick,1
Gary_Leon_Ridgway,1
Gary_Locke,2
Gary_Marshall,1
Gary_Paer,1
Gary_Sayler,1
Gary_Sinise,1
Gary_Stevens,1
Gary_Williams,2
Gary_Winnick,2
Gaston_Gaudio,1
Gavin_Degraw,1
Gavyn_Arthur,1
Gavyn_Davies,1
Gen_Meredith,1
Gene_Autry,1
Gene_Hackman,1
Gene_Keady,1
Gene_Orza,1
Gene_Robinson,5
Gene_Sauers,1
Gennifer_Flowers,1
Geno_Auriemma,2
Geoff_Dixon,1
Geoff_Hoon,7
Geoffrey_Davis,1
Geoffrey_Rush,1
George_Allen,1
George_Blaney,1
George_Bovell,1
George_Brumley,2
George_Brumley_III,1
George_Clooney,9
George_Foreman,2
George_Galloway,4
George_Gregan,1
George_HW_Bush,13
George_Harrison,1
George_Karl,2
George_Lopez,5
George_Lucas,1
George_Maxwell_Richards,1
George_McCloud,1
George_Murphy,1
George_P_Bush,2
George_Papandreou,4
George_Pataki,5
George_Plimpton,1
George_Robertson,22
George_Roy_Hill,2
George_Ryan,4
George_Tenet,2
George_Voinovich,3
George_W_Bush,530
Georgi_Parvanov,2
Georgia_Giddings,1
Georgina_Bardach,1
Georgina_Papin,1
Geovani_Lapentti,1
Gerald_Barbarito,1
Gerald_Calabrese,1
Gerald_Fitch,1
Gerald_Ford,1
Gerald_Riley,1
Geraldine_Chaplin,4
Geraldo_Rivera,1
Gerard_Butler,1
Gerard_Depardieu,2
Gerard_Kleisterlee,1
Gerard_Tronche,1
Gerard_de_Cortanze,1
Gerardo_Gambala,2
Gerhard_Boekel,1
Gerhard_Schmid,1
Gerhard_Schroeder,109
German_Khan,1
Gerrit_Zalm,1
Gerry_Adams,8
Gerry_Kelly,1
Gerry_Parsky,2
Ghassan_Elashi,1
Gholamreza_Aghazadeh,1
Gian_Marco,3
Giancarlo_Fisichella,1
Gianna_Angelopoulos-Daskalaki,3
Gianni_Agnelli,1
Giannina_Facio,1
Gideon_Black,1
Gideon_Yago,1
Gil_Cates,1
Gil_de_Ferran,5
Gilberto_Rodriguez_Orejuela,4
Gilberto_Simoni,1
Gilles_Panizzi,1
Gillian_Anderson,2
Gina_Centrello,1
Gina_Gershon,1
Gina_Lollobrigida,1
Gina_Torres,1
Giovanny_Cordoba,1
Gisele_Bundchen,2
Giselle_Estefania_Tavarelli,1
Giulietta_Masina,1
Giulio_Andreotti,1
Giuseppe_Gibilisco,4
Giuseppe_Morchio,1
Glafcos_Clerides,4
Glen_Clark,1
Glen_DaSilva,1
Glen_Sather,1
Glenn_Plummer,1
Glenn_Rivers,1
Glenn_Tilton,1
Gloria_Allred,2
Gloria_Gaynor,1
Gloria_Macapagal_Arroyo,44
Gloria_Trevi,4
Goh_Kun,2
Goldie_Hawn,7
Gong_Li,1
Gong_Ruina,1
Gonzalo_Barrientos,1
Gonzalo_Sanchez_de_Lozada,12
Goran_Persson,2
Goran_Zivkovic,1
Gordana_Grubin,1
Gorden_Tallis,1
Gordon_Brown,13
Gordon_Campbell,2
Gordon_Cooper,1
Gordon_Lightfoot,1
Gordon_McDonald,1
Gore_Verbinski,1
Gore_Vidal,1
Grace_Brinell,1
Grace_Dodd,1
Grace_Kelly,1
Gracia_Burnham,1
Graciano_Rocchigiani,1
Grady_Irvin_Jr,2
Grady_Little,1
Graeme_Lloyd,1
Graeme_Smith,1
Graham_Bentley,1
Grant_Hackett,5
Grant_Rossenmeyer,1
Gray_Davis,26
Greg_Frers,1
Greg_Gilbert,2
Greg_Hennigar,1
Greg_Hodge,1
Greg_Kinnear,1
Greg_Kinsey,1
Greg_Ostertag,2
Greg_Owen,2
Greg_Rusedski,4
Gregg_Berhalter,1
Gregg_Popovich,5
Gregor_Gysi,1
Gregorio_Honasan,1
Gregorio_Rosal,1
Gregory_Geoffroy,2
Gregory_Hines,2
Gregory_Peck,1
Gretchen_Mol,1
Griffin_Colvin,1
Gro_Harlem_Brundtland,2
Guangdong_Ou_Guangyuan,1
Guennadi_Chipouline,1
Guenter_Verheugen,1
Guido_Westerwelle,2
Guillaume_Cannet,1
Guillaume_Depardieu,1
Guillaume_Soro,2
Guillermo_Canas,4
Guillermo_Coria,30
Guillermo_Monroy,1
Guillermo_Ortiz,2
Guillermo_Ruiz_Polanco,1
Gunilla_Backman,1
Gunter_Pleuger,7
Gus_Frerotte,1
Gus_Van_Sant,3
Gustavo_Cisneros,1
Gustavo_Franco,1
Gustavo_Kuerten,3
Gustavo_Noboa,1
Gustavo_Terrazas,1
Guus_Hiddink,1
Guy_Hemmings,2
Guy_Ritchie,2
Guy_Verhofstadt,1
Gwen_Stefani,1
Gwendal_Peizerat,3
Gwyneth_Paltrow,6
Habib_Hisham,1
Habib_Rizieq,5
Hadley_Bilger,1
Hal_Gehman,5
Hal_McCoy,1
Hal_Sellers,1
Hal_Sutton,2
Halbert_Fillinger,1
Halle_Berry,16
Ham_Pong-sil,1
Hama_Arba_Diallo,1
Hamad_Bin_Isa_al-Khalifa,1
Hamad_Bin_Jassim,1
Hamid_Efendi,1
Hamid_Karzai,22
Hamid_Reza_Asefi,1
Hamza_Atiya_Muhsen,1
Hamzah_Haz,2
Han_Sung_Joo,1
Hana_Makhmalbaf,1
Hana_Sadiq,1
Hana_Urushima,1
Hanan_Ashrawi,2
Hank_Aaron,1
Hank_Azaria,1
Hank_Bass,1
Hank_McKinnell,1
Hank_Stram,1
Hannah_Stockbauer,2
Hanns_Schumacher,1
Hans-Christian_Schmid,1
Hans_Blix,39
Hans_Corell,1
Hans_Eichel,3
Hans_Leistritz,1
Hans_Peter_Briegel,1
Harald_Ringstorff,1
Harbhajan_Singh,2
Harland_Braun,1
Harold_Brown,1
Harold_Scott,1
Harriet_Lessy,1
Harrison_Ford,12
Harry_Belafonte,2
Harry_Kalas,2
Harry_Schmidt,4
Hartmut_Mehdorn,1
Harvey_Fierstein,1
Harvey_Wachsman,1
Harvey_Weinstein,2
Hasan_Wirayuda,1
Hashan_Tillakaratne,1
Hashim_Thaci,2
Hassan_Nasrallah,2
Hassan_Wirajuda,2
Hassanal_Bolkiah,1
Hatsui_Hasuike,1
Haydar_Aliyev,1
Hayden_Panettiere,1
Hayley_Tullett,2
Heath_Ledger,4
Heather_Chinnock,1
Heather_Locklear,1
Heather_Mills,4
Heather_Whitestone_McCallum,1
Heather_Willson,1
Hector_Babenco,3
Hector_Grullon,1
Hector_Mitelman,1
Hedayat_Amin_Arsala,1
Hee-Won_Han,3
Heidi_Fleiss,4
Heidi_Klum,5
Heinrich_Wolfgang,1
Heinz_Feldmann,3
Heizo_Takenaka,9
Helen_Alvare,1
Helen_Clark,4
Helen_Darling,1
Helena_Schneider,1
Helene_Eksterowicz,1
Helio_Castroneves,1
Helio_Rubens_Garcia,1
Helmut_Panke,1
Helo_Pinheiro,1
Henk_Bekedam,1
Henning_Scherf,1
Henri_Proglio,1
Henrique_Meirelles,2
Henry_Castellanos,1
Henry_Hilow,1
Henry_Hyde,1
Henry_Kissinger,1
Henry_Suazo,1
Herb_Brooks,1
Herb_Dhaliwal,1
Herb_Ritts,1
Herb_Sendek,4
Herbert_Haupt,1
Herbie_Hancock,1
Herman_Edwards,1
Herman_Moore,1
Hermando_Harton,1
Hermann_Maier,2
Hermes_Gamonal,1
Hermogenes_Ebdane_Jr,1
Hernan_Crespo,1
Hernan_Diaz,1
Herta_Daeubler-Gmelin,2
Hestrie_Cloette,1
Hichiro_Naemura,2
Hideki_Matsui,2
Hideki_Sato,1
Hidetoshi_Nakata,1
Hikmat_al-Azzawi,1
Hilary_Duff,3
Hilary_McKay,1
Hilda_Fortune,1
Hillary_Clinton,14
Hilmi_Akin_Zorlu,1
Hilmi_Ozkok,2
Himmler_Rebu,1
Hipolito_Mejia,4
Hiroki_Gomi,1
Hiroyuki_Yoshino,1
Hisao_Oguchi,2
Hisashi_Owada,1
Hisham_Halawi,1
Hitomi_Soga,5
Hitoshi_Oshitani,1
Hitoshi_Tanaka,1
Hoda_Asfor,1
Holly_Hunter,7
Holly_Robinson_Peete,1
Hong_Myung,1
Hootie_Johnson,2
Horace_Donovan_Reid,1
Horace_Newcomb,1
Horacio_Julio_Pina,1
Horacio_de_Jesus_Montoya,1
Horst_Koehler,3
Hosni_Mubarak,9
Howard_Dean,12
Howard_Ross,1
Howard_Schultz,2
Howard_Smith,2
Howard_Stern,1
Howard_Stringer,1
Howard_Wilkinson,1
Hrithik_Roshan,1
Hu_Jintao,15
Hu_Maoyuan,1
Huan_Chung_Yi,1
Huang_Suey-Sheng,1
Hubert_Green,1
Hubie_Brown,1
Hugh_Campbell,1
Hugh_Carey,1
Hugh_Grant,9
Hugh_Hefner,1
Hugh_Jessiman,1
Hugh_Miller,1
Hugo_Chavez,71
Hugo_Colace,1
Hugo_Conte,1
Humberto_Coelho,1
Humberto_Espinoza,1
Hun_Sen,4
Hung_Wan-ting,1
Hunter_Bates,1
Hunter_Kemper,1
Hushiar_Zebari,1
Hussam_Mohammed_Amin,1
Hussein_Malik,1
Hutomo_Mandala_Putra,1
Hwang_Doo-yun,1
Iain_Anderson,1
Iain_Duncan_Smith,4
Iain_Richmond,1
Ian_Campbell,1
Ian_Gillan,1
Ian_Huntley,1
Ian_Knop,1
Ian_McKellen,3
Ian_Moran,1
Ian_Smith,1
Ian_Thorpe,10
Ian_Wilmut,1
Iban_Mayo,2
Ibrahim_Al-Marashi,1
Ibrahim_Haddad,1
Ibrahim_Hilal,1
Ibrahim_Jaafari,2
Ibrahim_Rugova,1
Idi_Amin,1
Ignacio_Antonio_Velasco,1
Ignatius_Wang,1
Igor_Ivanov,20
Igor_Trunov,1
Ilan_Goldfajn,1
Ilan_Ramon,3
Ilham_Aliev,1
Ilie_Nastase,1
Imad_Khadduri,1
Imad_Moustapha,2
Imam_Samudra,1
Imelda_Marcos,1
Imran_Khan,1
Imre_Kertasz,1
Inam-ul-Haq,2
Infanta_Cristina,1
Inga_Hall,1
Ingrid_Betancourt,1
Inocencio_Arias,2
Intisar_Ajouri,3
Ion_Iliescu,1
Ion_Tiriac,1
Ira_Einhorn,1
Iran_Brown,1
Irene_Kahn,1
Irfan_Ahmed,1
Irina_Framtsova,1
Irina_Lobacheva,1
Irina_Yatchenko,1
Irv_Nathan,1
Irwan_Fadzi_Idris,1
Isabel_Orellana,1
Isabela_Moraes,1
Isabella_Rossellini,3
Isabelle_Huppert,2
Isaiah_Washington,2
Ishaq_Shahryar,2
Isidro_Pastor,1
Islam_Karimov,1
Ismael_Miranda,1
Ismail_Abu_Shanab,1
Ismail_Cem,1
Ismail_Khan,1
Ismail_Merchant,2
Itamar_Franco,1
Itzhak_Perlman,1
Iva_Majoli,2
Ivan_Helguera,1
Ivan_Lee,1
Ivan_Shvedoff,1
Ivan_Stambolic,1
Ivana_Trump,1
Iveta_Benesova,1
Ivo_Dubs,1
Izzat_Ibrahim,1
JC_Chasez,1
JJ_Redick,2
JK_Rowling,6
JP_Suarez,1
JT_Snow,1
Jaap_de_Hoop_Scheffer,1
Jack_Goodman,1
Jack_Grubman,2
Jack_Knowlton,1
Jack_LaLanne,1
Jack_Nicholson,3
Jack_Osbourne,1
Jack_Smith,1
Jack_Straw,28
Jack_Valenti,1
Jack_Welch,1
Jackie_Chan,13
Jackie_Dennis,1
Jackie_Sherrill,1
Jacky_Cheung,1
Jacob_Frenkel,1
Jacqueline_Edwards,1
Jacqueline_Gold,1
Jacqueline_Marris,1
Jacqueline_Obradors,2
Jacques_Chirac,52
Jacques_Kallis,1
Jacques_Rogge,10
Jacques_Villeneuve,1
Jada_Pinkett_Smith,2
Jade_Jagger,1
Jafar_Umar_Thalib,1
Jaime_Orti,1
Jaime_Pressly,1
Jake_Brace,1
Jake_Gyllenhaal,5
Jake_Plummer,1
Jakob_Kellenberger,1
Jalal_Talabani,1
Jalen_Rose,1
James_Baker,1
James_Ballenger,1
James_Barksdale,1
James_Becker,1
James_Blake,14
James_Brazelton,1
James_Brosnahan,1
James_Brown,1
James_Butts,2
James_Caan,3
James_Cameron,3
James_Carville,1
James_Coburn,1
James_Collinson,1
James_Comey,1
James_Coviello,1
James_Cunningham,3
James_Dingemans,1
James_Franco,2
James_Gandolfini,3
James_Gibson,1
James_Hakett,1
James_Hallock,1
James_Harris,1
James_Hill,1
James_Hoffa,1
James_Hughes,1
James_Ivory,2
James_Jones,2
James_Kelly,11
James_Kirtley,1
James_Kopp,4
James_Layug,1
James_Lockhart,1
James_Maguire,2
James_Mathis,1
James_May,1
James_McGreevey,4
James_McMahon,1
James_McPherson,1
James_Meeks,1
James_Meredeth,1
James_Morris,2
James_Murdoch,1
James_Parker,2
James_Phelps,1
James_Roberts,1
James_Robertson_Jr,1
James_Schultz,2
James_Sensenbrenner,1
James_Smith,2
James_Spalding,1
James_Traficant,3
James_W_Kennedy,1
James_Wallack,1
James_Watt,1
James_Wattana,1
James_Williams,1
James_Wolfensohn,5
James_Young,1
Jamie_Carey,1
Jamie_Cooke,1
Jamie_Dimon,1
Jamie_Kellner,1
Jamie_King,1
Jamie_Lee_Curtis,1
Jamie_Martin,1
Jamie_Olis,1
Jamie_Villafane,2
Jamir_Miller,1
Jamling_Norgay,2
Jan-Michael_Gambill,3
Jan_Bjoerklund,1
Jan_De_Bont,1
Jan_Paul_Miller,1
Jan_Peter_Balkenende,1
Jan_Petersen,1
Jan_Pronk,1
Jan_Ullrich,6
Jan_van_Breda_Kolff,1
Jana_Henke,1
Jana_Pittman,1
Jane_Clayson,1
Jane_Fonda,2
Jane_Kaczmarek,2
Jane_Krakowski,1
Jane_Leeves,1
Jane_Menelaus,1
Jane_Pauley,2
Jane_Riley,1
Jane_Rooney,1
Jane_Russell,1
Jane_Walker_Wood,1
Janela_Jara,1
Janet_Chandler,1
Janet_Crawford,1
Janet_Ecker,1
Janet_Horvath,1
Janet_Leigh,1
Janet_Napolitano,4
Janet_Thorpe,2
Janette_Husarova,1
Janez_Drnovsek,1
Janica_Kostelic,2
Janice_Abreu,1
Janice_Goldfinger,1
Janine_Pietsch,1
Janis_Ruth_Coulter,1
Janusz_Kaminski,1
Jaouad_Gharib,1
Jaqueline_Godoy,1
Jaromir_Jagr,1
Jason_Alexander,2
Jason_Bentley,1
Jason_Biggs,1
Jason_Campbell,1
Jason_Clermont,1
Jason_Gardner,1
Jason_Jennings,2
Jason_Kapono,1
Jason_Keep,1
Jason_Kidd,10
Jason_Lezak,2
Jason_Mewes,1
Jason_Petty,1
Jason_Priestley,1
Jason_Sehorn,1
Jason_Sorens,1
Jason_Statham,1
Jason_Vale,1
Jason_White,1
Javier_Bardem,1
Javier_Camara,1
Javier_Delgado,1
Javier_Saviola,1
Javier_Solana,10
Javier_Vargas,1
Javier_Vazquez,1
Javier_Weber,3
Javier_Zanetti,1
Jawad_Boulus,1
Jay_Garner,6
Jay_Leno,3
Jay_Rasulo,2
Jaymon_Crabb,1
Jayne_Yarris,1
Jayson_Williams,3
Jean-Claude_Braquet,2
Jean-Claude_Juncker,2
Jean-Claude_Trichet,2
Jean-Claude_Van_Damme,1
Jean-David_Levitte,10
Jean-Francois_Lemounier,1
Jean-Francois_Pontal,3
Jean-Luc_Bideau,1
Jean-Marc_Olive,1
Jean-Marc_de_La_Sabliere,2
Jean-Patrick_Nazon,1
Jean-Pierre_Bemba,1
Jean-Pierre_Raffarin,7
Jean-Rene_Fourtou,1
Jean-Sebastien_Giguere,2
Jean_Brumley,2
Jean_Carnahan,2
Jean_Charest,17
Jean_Chretien,55
Jean_Nagel,1
Jean_Todt,1
Jeane_Kirkpatrick,1
Jeanette_Gray,1
Jeanette_Stauffer,1
Jeanne_Anne_Schroeder,1
Jeanne_Moreau,2
Jeannette_Biedermann,1
Jeb_Bush,12
Jeff_Bridges,1
Jeff_Bzdelik,1
Jeff_Dederian,1
Jeff_Feldman,1
Jeff_George,1
Jeff_Hornacek,1
Jeff_Roehm,1
Jeff_Schiffner,1
Jeff_Van_Gundy,3
Jeff_Weaver,1
Jefferson_Perez,2
Jeffery_Hendren,1
Jeffery_Strelzin,1
Jeffrey_Archer,2
Jeffrey_Ashby,1
Jeffrey_Donaldson,1
Jeffrey_Immelt,2
Jeffrey_Jones,2
Jeffrey_Katzenberg,1
Jeffrey_Pfeffer,1
Jeffrey_Scott_Postell,2
Jelena_Dokic,8
Jen_Bice,1
Jen_Schefft,1
Jenna_Elfman,1
Jennette_Bradley,1
Jennie_Finch,1
Jennie_Garth,1
Jennifer_Aniston,21
Jennifer_Capriati,42
Jennifer_Connelly,4
Jennifer_Furminger,1
Jennifer_Garner,12
Jennifer_Granholm,1
Jennifer_Gratz,1
Jennifer_Keller,4
Jennifer_Lopez,21
Jennifer_Love_Hewitt,1
Jennifer_McCoy,1
Jennifer_Murray,1
Jennifer_Pena,1
Jennifer_Reilly,2
Jennifer_Renee_Short,1
Jennifer_Rodriguez,2
Jennifer_Thompson,2
Jennifer_Tilly,1
Jenny_Romero,1
Jens_Lehmann,1
Jeong_Se-hyun,9
Jerelle_Kraus,1
Jeremy_Fogel,1
Jeremy_Gompertz,1
Jeremy_Greenstock,24
Jeremy_Shockey,2
Jeremy_Wotherspoon,1
Jeri_Ryan,1
Jerome_Golmard,1
Jerome_Jenkins,1
Jerry_Angelo,1
Jerry_Bruckheimer,1
Jerry_Colangelo,1
Jerry_Falwell,2
Jerry_Hall,1
Jerry_Jones,1
Jerry_Lewis,1
Jerry_McEntee,1
Jerry_Oliver,1
Jerry_Pauley,1
Jerry_Regier,4
Jerry_Rice,1
Jerry_Seinfeld,1
Jerry_Sexton,1
Jerry_Sloan,1
Jerry_Springer,4
Jerry_Tarkanian,1
Jesper_Parnevik,1
Jesse_Harris,3
Jesse_Helms,1
Jesse_Jackson,9
Jesse_James,1
Jesse_James_Leija,2
Jesse_Ventura,3
Jessica_Alba,2
Jessica_Biel,1
Jessica_Brungo,1
Jessica_Capshaw,1
Jessica_Lange,2
Jessica_Lynch,2
Jessica_Simpson,1
Jesus_Cardenal,1
Jewel_Howard-Taylor,1
Jia_Qinglin,2
Jiang_Zemin,20
Jim_Abbott,1
Jim_Ahern,1
Jim_Anderson,1
Jim_Beattie,1
Jim_Bollman,1
Jim_Bunning,1
Jim_Calhoun,1
Jim_Cantalupo,1
Jim_Carrey,3
Jim_Doyle,1
Jim_Edmonds,2
Jim_Fassel,1
Jim_Flaherty,1
Jim_Freudenberg,1
Jim_Furyk,6
Jim_Greenwood,1
Jim_Hahn,4
Jim_Hardin,1
Jim_Harrick,2
Jim_Haslett,1
Jim_Hendry,1
Jim_Jeffords,1
Jim_Kelly,1
Jim_Leach,1
Jim_Letten,1
Jim_Nochols,1
Jim_OBrien,3
Jim_Otto,1
Jim_Parque,1
Jim_Paxson,1
Jim_Piper,1
Jim_Ryan,1
Jim_Schwarz,1
Jim_Spinoza,1
Jim_Sterk,1
Jim_Talent,1
Jim_Taylor,1
Jim_Thome,1
Jim_Tressel,4
Jim_Wall,1
Jim_Wessling,1
Jim_Wong,1
Jim_Zorn,1
Jimmy_Carter,9
Jimmy_Gobble,1
Jimmy_Gurule,1
Jimmy_Iovine,1
Jimmy_Jimenez,1
Jimmy_Kimmel,2
Jimmy_Lee,1
Jimmy_Smits,1
Jimmy_Szymanski,1
Jiri_Novak,11
Jo_Dee_Messina,2
Jo_Joong-hyon,1
Joan_Claybrook,2
Joan_Collins,1
Joan_Dangerfield,1
Joan_Jett,1
Joan_Laporta,9
Joanna_Poitier,1
Joanne_Duquette,1
Joanne_Woodward,1
Joao_Rocha,1
Joaquim_Levy,1
Joaquim_Rodriguez,1
Joaquin_Phoenix,1
Joaquin_Sanchez,1
Job_Cohen,2
Jodie_Foster,3
Jodie_Henry,1
Jodie_Kidd,1
Jody_Richards,1
Joe_Calzaghe,2
Joe_Carnahan,1
Joe_Cocker,1
Joe_Cravens,1
Joe_Crede,1
Joe_Darrell,1
Joe_DeLamielleure,1
Joe_Dicaro,1
Joe_Dumars,2
Joe_Finley,1
Joe_Friedberg,1
Joe_Garner,1
Joe_Gatti,2
Joe_Glover,1
Joe_Leonard,1
Joe_Lieberman,13
Joe_Mantegna,1
Joe_Mantello,2
Joe_Mendes,1
Joe_Metz,1
Joe_Nichols,4
Joe_Pantoliano,1
Joe_Paterno,1
Joe_Plumeri,1
Joe_Strummer,1
Joe_Torre,4
Joe_Vandever,1
Joel_Gallen,1
Joel_Todd,1
Joerg_Haider,2
Joey_Buttafuoco,1
Joey_Harrington,1
Joey_Mantia,1
Johan_Bruyneel,1
Johannes_Rau,1
John_Abizaid,9
John_Allen_Muhammad,11
John_Anderson,1
John_Ashcroft,53
John_Baldacci,1
John_Banko,2
John_Barnett,1
John_Belushi,1
John_Blaney,2
John_Bolton,17
John_Bond,1
John_Brady,2
John_Burkett,1
John_Burnett,1
John_Connolly,1
John_Coomber,1
John_Cornyn,1
John_Cruz,1
John_Cusack,2
John_Dallager,1
John_Daly_Jr,1
John_Danforth,1
John_Darby,1
John_Duprey,1
John_Eastman,1
John_Eder,1
John_Edwards,8
John_Elway,1
John_Engler,1
John_F_Kennedy_Jr,2
John_Fenn,1
John_Ferguson,1
John_Fox,1
John_Franco,1
John_Garamendi,2
John_Geoghan,1
John_Goold,1
John_Gordnick,1
John_Gruden,1
John_Hartson,1
John_Henry,1
John_Herrington,1
John_Howard,19
John_Jones,1
John_Jumper,2
John_Kerr,1
John_Kerry,17
John_Lawrence,1
John_Leguizamo,1
John_Lennon,1
John_Lisowski,1
John_Lithgow,1
John_Lynch,1
John_Mabry,1
John_Madden,1
John_Malkovich,3
John_Manley,7
John_Marburger,1
John_Mayer,3
John_McCain,7
John_McCallum,2
John_McCormack,2
John_McEnroe,2
John_McKay,1
John_Moe,1
John_Moxley,1
John_Nash,1
John_Negroponte,31
John_Nimmo,1
John_Norquist,1
John_Paul_DeJoria,1
John_Paul_II,11
John_Perrota,1
John_Petty,1
John_Philip_Elkann,1
John_Prescott,1
John_Reid,3
John_Reilly,2
John_Richardson,1
John_Rigas,2
John_Robbins,1
John_Rosa,3
John_Rowe,1
John_Rowland,2
John_Ruiz,2
John_Rusnak,1
John_Salazar,1
John_Scarlett,1
John_Sidgmore,1
John_Snow,17
John_Spencer,2
John_Stallworth,2
John_Starks,1
John_Stockton,5
John_Sununu,1
John_Sweeney,1
John_Swofford,3
John_Taylor,2
John_Thune,1
John_Timoney,2
John_Travolta,7
John_Tyson,1
John_Velazquez,1
John_Walsh,2
John_Warner,4
John_Wayne,1
John_White,1
John_Williams,1
John_Wolf,2
John_Wright,1
Johnnie_Lynn,1
Johnny_Benson,1
Johnny_Carson,2
Johnny_Depp,2
Johnny_Hallyday,1
Johnny_Htu,1
Johnny_Tapia,3
Johnny_Unitas,2
Johnson_Panjaitan,2
Jolanta_Kwasniewski,2
Jon_Constance,1
Jon_Corzine,3
Jon_Gruden,7
Jon_Kitna,1
Jon_Stewart,1
Jon_Voight,3
Jonathan_Arden,1
Jonathan_Byrd,1
Jonathan_Edwards,8
Jonathan_Fine,1
Jonathan_Horton,1
Jonathan_Karsh,1
Jonathan_Mostow,2
Jonathan_Schroeder,1
Jonathan_Tiomkin,1
Jonathan_Woodgate,1
Jong_Thae_Hwa,2
Jong_Wook_Lee,4
Jorge_Alberto_Galindo,1
Jorge_Arce,2
Jorge_Batlle,3
Jorge_Castaneda,2
Jorge_Enrique_Jimenez,1
Jorge_Marquez-Ruarte,1
Jorge_Moreno,1
Jorge_Quiroga,1
Jorge_Rodolfo_Canicoba_Corral,2
Jorge_Valdano,2
Jorma_Huhtala,1
Joschka_Fischer,19
Jose_Acasuso,1
Jose_Alencar,1
Jose_Bove,1
Jose_Canseco,3
Jose_Canseco_Sr,1
Jose_Carlo_Fernandez,1
Jose_Carreras,1
Jose_Cevallos,1
Jose_Dirceu,2
Jose_Genoino,1
Jose_Jose,1
Jose_Lina,1
Jose_Lopez_Beltran,1
Jose_Luis_Chilavert,1
Jose_Luis_Rodriguez_Zapatero,1
Jose_Luis_Santiago_Vasconcelos,1
Jose_Manuel_Durao_Barroso,6
Jose_Maria_Aznar,23
Jose_Miguel_Aleman,1
Jose_Mourinho,2
Jose_Rosado,1
Jose_Santos,1
Jose_Sarney,3
Jose_Serra,9
Jose_Theodore,2
Jose_Vicente_Rangel,1
Jose_Viegas_Filho,2
Jose_Woldenberg,1
Joseph_Biden,5
Joseph_Blatter,2
Joseph_Deiss,3
Joseph_Estrada,4
Joseph_Fiennes,1
Joseph_Galante,1
Joseph_Ganim,1
Joseph_Hoy,1
Joseph_Kabila,1
Joseph_LePore,1
Joseph_Lopez,1
Joseph_Nacchio,1
Joseph_Ralston,2
Joseph_Safra,1
Joseph_Salgado,1
Josh_Childress,1
Josh_Evans,1
Josh_Kronfeld,1
Joshua_Davey,1
Joshua_Gracin,1
Joshua_Harapko,1
Joshua_Perper,1
Joxel_Garcia,1
Joy_Bryant,1
Joy_Lee_Sadler,1
Juan_Antonio_Samaranch,1
Juan_Carlos,1
Juan_Carlos_Ferrero,28
Juan_Carlos_Morales,1
Juan_Carlos_Ortega,1
Juan_Fernandez,1
Juan_Francisco_Palencia,1
Juan_Ignacio_Chela,3
Juan_Jose_Lucas,1
Juan_Manuel_Marquez,3
Juan_Pablo_Montoya,8
Juan_Roman_Carrasco,1
Juan_Roman_Riquelme,1
Juan_Sanchez,1
Juan_Valencia_Osorio,2
Juanes,3
Judd_Davies,1
Jude_Law,2
Judi_Dench,2
Judi_Patton,1
Judith_Nathan,1
Judy_Dean,1
Judy_Genshaft,2
Judy_Locy,1
Judy_Spreckels,1
Judy_Vassar,1
Juergen_Braehmer,1
Juergen_Chrobog,1
Juergen_Peters,2
Juergen_Schrempp,1
Juergen_Trittin,1
Jules_Asner,1
Julia_Glass,1
Julia_Ormond,1
Julia_Tymoshenko,3
Julian_Battle,1
Julian_Fantino,1
Julianna_Margulies,2
Julianne_Moore,19
Julie_Andrews,1
Julie_Gerberding,15
Julie_Goodenough,1
Julie_Infante,1
Julie_Taymor,2
Julien_Boutter,1
Julien_Varlet,1
Juliette_Binoche,1
Juliette_Lewis,1
Julio_Cesar_Chavez,1
Julio_Cesar_Franco,1
Julio_De_Brun,1
Julio_Iglesias_Jr,2
Julio_Rossi,1
Julio_Toro,1
Julius_Barnes,1
Julius_Erving,1
Juljia_Vysotskij,1
Jung_Bong,1
Junichi_Inamoto,1
Junichiro_Koizumi,60
Junko_Tabei,1
Justin_Gatlin,2
Justin_Guarini,3
Justin_Leonard,4
Justin_Marshall,1
Justin_Timberlake,8
Justin_Wilson,1
Justine_Henin,3
Justine_Pasek,7
Kai-Uwe_Ricke,1
Kaio_Almeida,1
Kaisser_Bazan,1
Kajsa_Bergqvist,1
Kalid_Kaid,1
Kalpana_Chawla,5
Kamal_Kharrazi,6
Kamel_Morjane,1
Kang_Gum-sil,1
Kaoru_Hasuike,1
Kara_Lynn_Joyce,1
Kareena_Kapoor,1
Karen_Allen,1
Karen_Clarkson,1
Karen_Lynn_Gorney,1
Karen_Mok,2
Karen_Pereiras,1
Karen_Sharpe_Kramer,1
Karin_Pilsaeter,1
Karin_Stoiber,2
Karin_Viard,1
Karl-Heinz_Rummenigge,1
Karol_Kucera,1
Kaspar_Villiger,1
Katalin_Kollat,1
Kate_Burton,1
Kate_Capshaw,2
Kate_Hudson,9
Kate_Lee,1
Kate_Moss,1
Kate_Richardson,1
Kate_Starbird,1
Kate_Winslet,4
Katerina_Smrzova,1
Katharine_Hepburn,1
Katherine_Harris,4
Kathie_Louise_Saunders,1
Kathleen_Abernathy,1
Kathleen_Glynn,2
Kathleen_Kennedy_Townsend,4
Kathryn_Bigelow,2
Kathryn_Grayson,1
Kathryn_Morris,1
Kathryn_Tucker,1
Kathy_Baker,1
Kathy_Bates,1
Kathy_Gannon,1
Kathy_Winters,2
Katie_Boone,1
Katie_Couric,1
Katie_Harman,3
Katie_Holmes,1
Katie_Smith,1
Katie_Wagner,1
Katja_Riemann,1
Katrin_Cartlidge,1
Katrin_Susi,1
Kay_Bailey_Hutchison,1
Kay_Behrensmeyer,1
Kaye_Young,1
Keanu_Reeves,12
Keiko_Sofia_Fujimori,1
Keira_Knightley,2
Keith_Bishop_Jr,1
Keith_Bogans,3
Keith_Brown,1
Keith_Fotta,1
Keith_Foulke,1
Keith_Lockhart,1
Keith_Lowen,1
Keith_Olbermann,1
Keith_Osik,1
Keith_Rodriguez,1
Keith_Snyder,1
Keith_Tyson,1
Keith_Urban,1
Keith_Van_Horn,1
Keizo_Yamada,1
Kelli_White,2
Kellie_Coffey,1
Kellie_Greene,1
Kelly_Clarkson,3
Kelly_Leigh,1
Kelly_Osbourne,1
Kelly_Ripa,1
Kelly_Santos,1
Kelsey_Grammer,1
Kelvin_Sampson,3
Kemal_Dervis,3
Ken_Balk,1
Ken_Dorsey,1
Ken_Kutaragi,1
Ken_Loach,1
Ken_Macha,3
Ken_Watanabe,2
Ken_Wharfe,1
Kenenisa_Bekele,1
Kenneth_Bowersox,3
Kenneth_Branagh,2
Kenneth_Brill,1
Kenneth_Carlsen,1
Kenneth_Cooper,1
Kenneth_Dam,1
Kenneth_Evans,2
Kenneth_Reichert,1
Kenny_Brack,1
Kenny_Chesney,1
Kent_McCord,1
Kent_Robinson,1
Kent_Rominger,2
Kevin_Borseth,1
Kevin_Costner,8
Kevin_Crane,1
Kevin_Garnett,1
Kevin_Gil,1
Kevin_Harvick,1
Kevin_Hearn,1
Kevin_James,1
Kevin_Keegan,1
Kevin_Marshall,1
Kevin_Millwood,1
Kevin_Nealon,1
Kevin_Satterfield,1
Kevin_Sorbo,1
Kevin_Spacey,5
Kevin_Stallings,2
Kevin_Tarrant,1
Khader_Rashid_Rahim,1
Khaled_Sawalhi,1
Khalid_Khannouchi,1
Khalid_Qazi,1
Khatol_Mohammad_Zai,1
Khin_Nyunt,1
Khum_Bahadur_Khadka,1
Kieran_Culkin,1
Kieran_Prendergast,2
Kifah_Ajouri,2
Kiki_Vandeweghe,2
Kim_Cattrall,1
Kim_Chinn,1
Kim_Clijsters,14
Kim_Dae-jung,8
Kim_Dong-hwa,1
Kim_Dong-tae,1
Kim_Gandy,1
Kim_Hong-gul,1
Kim_Hong-up,1
Kim_Jin-sun,2
Kim_Jong-Il,4
Kim_Ryong-sung,11
Kim_Su_Nam,1
Kim_Weeks,1
Kim_Yong-il,3
Kim_Yun-kyu,1
Kimberly_Bruckner,1
Kimberly_Stewart,1
Kimi_Raikkonen,3
Kimora_Lee,1
King_Abdullah_II,5
King_Bhumibol_Adulyadej,1
King_Gyanendra,1
Kirby_Puckett,1
Kirk_Doerger,1
Kirk_Douglas,1
Kirk_Ferentz,2
Kirk_Franklin,1
Kirk_Johnson,3
Kirsten_Clark,1
Kirsten_Dunst,1
Kirsten_Gilham,1
Kit_Bond,1
Kitin_Munoz,1
Kjell_Magne_Bondevik,3
Klaus_Schwab,1
Klaus_Zwickel,2
Kobe_Bryant,3
Kofi_Annan,32
Koichi_Haraguchi,1
Koichi_Tanaka,1
Koichiro_Matsuura,1
Koji_Uehara,1
Kong_Quan,1
Kostya_Tszyu,1
Kosuke_Kitajima,2
Krishna_Bhadur_Mahara,1
Kristanna_Loken,5
Kristen_Breitweiser,3
Kristen_Rivera,1
Kristin_Chenoweth,1
Kristin_Davis,3
Kristin_Scott,1
Kristin_Scott_Thomas,1
Kristy_Curry,1
Kultida_Woods,1
Kurt_Budke,1
Kurt_Busch,2
Kurt_Hellstrom,1
Kurt_Russell,2
Kurt_Schottenheimer,1
Kurt_Suzuki,1
Kurt_Tanabe,1
Kurt_Thomas,1
Kurt_Warner,5
Kwame_Kilpatrick,1
Kweisi_Mfume,1
Kwon_Yang-sook,3
Kwon_Young-gil,1
Kyle_McLaren,1
Kyle_Shewfelt,1
Kyoko_Nakayama,1
Kyra_Sedgwick,1
LK_Advani,3
Lachlan_Murdoch,1
Laila_Ali,3
Lana_Clarkson,2
Lance_Armstrong,18
Lance_Bass,5
Landon_Donovan,1
Lane_Bryant,1
Lane_Odom,1
Lara_Logan,1
Larenz_Tate,1
Larry_Anderson,1
Larry_Beinfest,1
Larry_Bowa,2
Larry_Brown,7
Larry_Campbell,1
Larry_Coker,4
Larry_Donald,1
Larry_Ellison,3
Larry_Eustachy,1
Larry_Flynt,1
Larry_Greene,1
Larry_Hagman,1
Larry_Hahn,1
Larry_Harris,1
Larry_Johnson,2
Larry_Lindsey,2
Larry_Lucchino,2
Larry_Nichols,1
Larry_Pleau,1
Larry_Ralston,1
Larry_Tanenbaum,1
Larry_Templeton,1
Larry_Thompson,4
Larry_Wilmore,1
Lars_Burgsmuller,1
Lars_Von_Trier,3
Laszlo_Kovacs,1
Latrell_Sprewell,2
Laura_Bozzo,1
Laura_Bush,41
Laura_Elena_Harring,1
Laura_Flessel,1
Laura_Gobai,1
Laura_Hernandez,2
Laura_Linney,4
Laura_Marlow,1
Laura_Morante,1
Laura_Pausini,1
Laura_Romero,1
Laura_Schlessinger,1
Laura_Ziskin,1
Laurel_Clark,1
Lauren_Hutton,2
Lauren_Killian,2
Laurence_Fishburne,1
Laurence_Tribe,1
Laurent_Gbagbo,2
Laurent_Jalabert,2
Laurent_Woulzy,1
Laurie_Chan,1
Laurie_Hobbs,1
Laurie_Laychak,1
Laurie_Pirtle,1
Lawrence_Di_Rita,1
Lawrence_Foley,1
Lawrence_MacAulay,2
Lawrence_Roberts,1
Lawrence_Vito,1
Lazaro_Castro,1
LeAnn_Rimes,2
LeBron_James,5
LeRoy_Millette_Jr,1
Lea_Fastow,2
Leah_Remini,1
Leander_Paes,2
Leandrinho_Barbosa,1
Leandro_Andrade,1
Leandro_Garcia,1
Lech_Walesa,2
Lee_Ann_Knight,1
Lee_Ann_Terlaji,1
Lee_Ann_Womack,1
Lee_Baca,1
Lee_Byung-woong,1
Lee_Chang-dong,1
Lee_Hoi-chang,4
Lee_Hong-ki,1
Lee_Hyung-taik,1
Lee_Jun,2
Lee_Nam-shin,1
Lee_Soo-hyuck,3
Lee_Tae-sik,2
Lee_Yeo-jin,1
Lee_Yuan-tseh,1
Leigh_Winchell,1
Leisel_Jones,1
Lela_Rochon,1
Leland_Chapman,2
Lemuel_Montulo,1
Len_Jenoff,2
Lena_Katina,1
Lena_Olin,1
Lene_Espersen,1
Leni_Bjorklund,1
Lennart_Johansson,1
Lennox_Lewis,3
Lenny_Kravitz,1
Lenny_Wilkens,3
Leo_Mullin,1
Leo_Ramirez,1
Leon_Barmore,1
Leon_LaPorte,2
Leon_Lai,1
Leon_Silver,1
Leonard_Glick,1
Leonard_Hamilton,2
Leonard_Schrank,1
Leonardo_Del_Vecchio,1
Leonardo_DiCaprio,9
Leonardo_Fernandez,1
Leonid_Kuchma,6
Lesia_Burlak,1
Lesley_Coppin,1
Lesley_Flood,1
Lesley_McCulloch,3
Leslie_Ann_Woodward,2
Leslie_Caldwell,3
Leslie_Moonves,2
Leslie_Wiser_Jr,1
Lester_Holt,1
Leszek_Miller,3
Leticia_Dolera,1
Leticia_Van_de_Putte,1
Leuris_Pupo,1
Lew_Rywin,1
Lewis_Booth,1
Li_Changchun,1
Li_Ka-shing,1
Li_Peng,9
Li_Ruihuan,1
Li_Zhaoxing,8
Liam_Neeson,3
Liane_Janda,1
Lidija_Djukanovic,1
Lili_Marinho,1
Lili_Taylor,2
Liliana_Cavani,1
Lily_Safra,1
Lily_Tomlin,2
Lim_Dong-won,2
Lima_Azimi,1
Lin_Yi-fu,1
Lin_Yung_Hsi,1
Lina_Krasnoroutskaya,2
Lincoln_Chafee,1
Linda_Amicangioli,1
Linda_Baboolal,1
Linda_Dano,1
Linda_Franklin,1
Linda_Ham,1
Linda_Lingle,1
Linda_Mason,1
Linda_Sanchez,1
Lindsay_Benko,2
Lindsay_Davenport,22
Lindsay_Lohan,1
Lindsey_Graham,2
Lindy_Ruff,1
Linn_Thornton,1
Lino_Oviedo,3
Linus_Roache,1
Lionel_Chalmers,1
Lionel_Hampton,1
Lionel_Richie,2
Lisa_Girman,1
Lisa_Gottsegen,2
Lisa_Leslie,1
Lisa_Ling,2
Lisa_Marie_Presley,4
Lisa_Murkowski,1
Lisa_Raymond,2
Lisa_Stansfield,1
Lisa_Stone,1
Liu_Mingkang,2
Liu_Xiaoqing,1
Liu_Ye,1
Liv_Tyler,1
Liza_Minnelli,7
Lleyton_Hewitt,41
Lloyd_Mudiwa,1
Lloyd_Novick,1
Lloyd_Richards,1
Lloyd_Ward,2
Lois_Smart,1
Lokendra_Bahadur_Chand,1
Lon_Kruger,2
Lonnie_Donegan,1
Lope_Mendoza,1
Lord_Hutton,2
Loretta_Lynn_Harper,1
Lori_Berenson,1
Lorne_Michaels,1
Lorraine_Bracco,1
Lorraine_Fenton,1
Lou_Lang,1
Lou_Piniella,3
Lou_Reed,1
Lou_Ye,1
Louis_Van_Gaal,1
Louisa_Baileche,1
Lubomir_Zaoralek,1
Luc_Montagnier,1
Luca_Cordero_di_Montezemolo,1
Lucas_Wysocki,1
Lucia_Kenny_Anthony,1
Luciano_Bovicelli,1
Luciano_Pavarotti,3
Lucie_Lapovsky,1
Lucio_Angulo,1
Lucio_Cecchinello,1
Lucio_Gutierrez,13
Lucio_Stanca,1
Lucrecia_Orozco,1
Lucy_Liu,5
Ludivine_Sagnier,5
Ludwig_Ovalle,1
Luis_Berrondo,1
Luis_Ernesto_Derbez_Bautista,6
Luis_Figo,4
Luis_Fonsi,1
Luis_Gonzalez,1
Luis_Gonzalez_Macchi,5
Luis_Guzman,1
Luis_Horna,6
Luis_Pujols,1
Luis_Rosario_Huertas,1
Luis_Sanchez,1
Luiz_Felipe_Scolari,2
Luiz_Inacio_Lula_da_Silva,48
Luke_Ridnour,1
Luke_Smith,1
Luke_Walton,2
Luo_Linquan,1
Luther_Htu,1
Lutz_Freitag,1
Lydia_Shum,1
Lyle_Lovett,1
Lyle_Vanclief,2
Lynn_Abraham,2
Lynn_Redgrave,3
Lynne_Cheney,3
Lynne_Slepian,1
Lynne_Thigpen,1
Lyudmila_Putin,1
MC_Hammer,1
Mack_Brown,2
Madeleine_Albright,3
Madeleine_Webber,1
Madge_Overhouse,1
Madonna,5
Mae_Jemison,1
Magda_Kertasz,1
Magdalena_Maleeva,3
Maggie_Cheung,1
Maggie_Smith,2
Magui_Serna,2
Maha_Habib,1
Mahathir_Mohamad,14
Mahdi_Al_Bassam,1
Mahendra_Chaudhry,1
Mahima_Chaudhari,1
Mahmoud_Abbas,29
Mahmoud_Al_Zhar,1
Mahmoud_Diyab_al-Ahmed,1
Makhdoom_Amin_Fahim,3
Makiko_Tanaka,1
Makiya_Ali_Hassan,1
Malak_Habbak,1
Malcolm_Glazer,1
Malcolm_Jamal_Warner,1
Malcolm_Wild,1
Malik_Mahmud,1
Mamdouh_Habib,1
Manfred_Reyes_Villa,1
Manfred_Stolpe,2
Manijeh_Hekmat,1
Manuel_Gehring,1
Manuel_Jesus,1
Manuel_Llorente,1
Manuel_Pellegrini,1
Manuel_Poggiali,2
Manuel_Rosendo,1
Manuela_Montebrun,1
Mara_Georges,1
Marat_Safin,3
Marc-Andre_Fleury,2
Marc_Anthony,1
Marc_Bulger,1
Marc_Gold,1
Marc_Grossman,4
Marc_Leger,1
Marc_Racicot,1
Marc_Shaiman,1
Marcella_Anderson,1
Marcelo_Bielsa,1
Marcelo_Ebrard,3
Marcelo_Rios,5
Marcelo_Salas,3
Marcio_de_Souza,1
Marco_Antonio_Barrera,6
Marco_Archer_Cardoso_Moreira,1
Marco_Irizarry,1
Marco_Pantani,1
Marcos_Cafu,1
Marcos_Daniel_Jimenez,1
Marcos_Milinkovic,1
Marcus_Allen,1
Marcus_Garrettson,1
Marcus_Gronholm,2
Margaret_Caruso,1
Margaret_Hasley,1
Margaret_Hoelzer,1
Margaret_Okayo,1
Margaret_Thatcher,2
Margerry_Bakley,1
Margie_Puente,1
Maria_Bello,1
Maria_Burks,1
Maria_Callas,1
Maria_Conchita_Alonso,1
Maria_Garcia,1
Maria_Guida,1
Maria_Luisa_Mendonca,2
Maria_Sanchez_Lorenzo,1
Maria_Shkolnikova,1
Maria_Shriver,8
Maria_Simon,1
Maria_Soledad_Alvear_Valenzuela,5
Maria_Wetterstrand,1
Mariah_Carey,7
Mariam_Ali_Hassan,1
Marian_Dolan,1
Mariana_Gonzalez,1
Mariana_Ohata,1
Mariana_Pollack,3
Mariangel_Ruiz_Torrealba,3
Marianne_Stanley,1
Mariano_Zabaleta,1
Maribel_Dominguez,1
Marie-Josee_Croze,1
Marie-Reine_Le_Gougne,2
Marie_Haghal,1
Marieta_Chrousala,3
Marilyn_Monroe,2
Marina_Anissina,2
Marina_Canetti,1
Marina_Hands,1
Marina_Kuptsova,1
Marina_Silva,1
Mario_Alfaro-Lopez,1
Mario_Austin,1
Mario_Cipollini,2
Mario_Dominguez,1
Mario_Dumont,2
Mario_Gallegos,1
Mario_Jardel,1
Mario_Kreutzberger,2
Mario_Lemieux,1
Mario_Lobo_Zagallo,1
Mario_Puzo,1
Mario_Vasquez_Rana,1
Marion_Barry,1
Marion_Fahnestock,1
Marisa_Tomei,2
Marisol_Breton,1
Marisol_Martinez_Sambran,1
Marissa_Jaret_Winokur,2
Maritza_Macias_Furano,1
Mark_Andrew,1
Mark_Bellhorn,1
Mark_Broxmeyer,1
Mark_Butcher,1
Mark_Cuban,2
Mark_Dacey,2
Mark_Everson,1
Mark_Foley,1
Mark_Gangloff,1
Mark_Geragos,2
Mark_Gottfried,3
Mark_Hamister,2
Mark_Hanson,1
Mark_Heller,2
Mark_Hogan,1
Mark_Hurlbert,5
Mark_Kelly,1
Mark_Komara,1
Mark_Lazarus,1
Mark_Leno,1
Mark_Mariscal,1
Mark_Martin,1
Mark_McClellan,1
Mark_Mishkin,1
Mark_Mulder,1
Mark_Philippoussis,11
Mark_Podlesny,1
Mark_Polansky,1
Mark_Redman,1
Mark_Richt,3
Mark_Rosenbaum,1
Mark_Sacco,1
Mark_Salter,1
Mark_Schweiker,2
Mark_Shapiro,1
Mark_Sisk,1
Mark_Stuart,1
Mark_Swartz,1
Mark_Wahlberg,4
Mark_Warner,2
Markus_Beyer,1
Markus_Naslund,2
Marlene_Weingartner,2
Marlon_Devonish,1
Marquier_Montano_Contreras,1
Marquis_Estill,1
Marricia_Tate,1
Marsah_Ambrosius,1
Marsha_Sharp,1
Marsha_Thomason,1
Marta_Dominguz,1
Martha_Beatriz_Roque,2
Martha_Bowen,2
Martha_Burk,4
Martha_Lucia_Ramirez,4
Martha_Martinez_Flores,1
Martha_Sahagun_de_Fox,1
Martha_Smith,1
Martha_Stewart,5
Martie_Maguire,1
Martin_Bandier,1
Martin_Boryczewski,1
Martin_Brodeur,2
Martin_Brooke,1
Martin_Burnham,1
Martin_Cauchon,2
Martin_Frost,1
Martin_Gecht,1
Martin_Hoellwarth,2
Martin_Howard,1
Martin_Keown,1
Martin_Kristof,1
Martin_Landau,1
Martin_Lawrence,1
Martin_Luther_King_III,1
Martin_McCauley,2
Martin_McGuinness,5
Martin_ONeill,1
Martin_Rodriguez,1
Martin_Scorsese,7
Martin_Sheen,2
Martin_Short,1
Martin_Torrijos,1
Martin_Verkerk,3
Martina_Hingis,3
Martina_McBride,5
Marty_Mornhinweg,3
Marvan_Atapattu,1
Marwan_Barghouthi,2
Marwan_Muasher,1
Mary-Kate_Olsen,3
Mary_Anne_Souza,1
Mary_Blige,1
Mary_Bono,1
Mary_Carey,4
Mary_Catherine_Correll,1
Mary_Descenza,1
Mary_Elizabeth_Mastrantonio,1
Mary_Frances_Seiter,1
Mary_Hill,1
Mary_Jo_Myers,1
Mary_Katherine_Smart,1
Mary_Landrieu,3
Mary_Lou_Markakis,1
Mary_Lou_Retton,1
Mary_Maddux,1
Mary_Matalin,1
Mary_McCarty,1
Mary_Robinson,1
Mary_Steenburgen,3
Mary_Sue_Coleman,1
Mary_Tyler_Moore,2
Mary_Zorn,1
Maryn_McKenna,1
Masahiko_Nagasawa,2
Masamori_Tokuyama,1
Masao_Azuma,1
Masaru_Hayami,1
Masatoshi_Koshiba,1
Masja_Juel,1
Massoud_Barzani,1
Masum_Turker,3
Mathias_Reichhold,3
Mathilda_Karel_Spak,1
Matt_Anderson,1
Matt_Braker,1
Matt_Damon,4
Matt_Dillon,3
Matt_Doherty,3
Matt_Herden,1
Matt_LeBlanc,1
Matt_Morris,1
Matt_Roney,1
Matt_Siebrandt,1
Matt_Walters,1
Matt_Welsh,1
Matthew_Broderick,4
Matthew_During,1
Matthew_McConaughey,1
Matthew_Ouimet,1
Matthew_Perry,7
Matthew_Vaughan,1
Matthias_Sammer,1
Maura_Tierney,1
Maureen_Fanning,2
Maureen_Kanka,1
Maurice_Cheeks,1
Maurice_Papon,1
Maurice_Strong,1
Mauricio_Macri,1
Mauricio_Pochetino,1
Mauro_Viza,1
Max_Baucus,1
Max_Biaggi,1
Max_Mayfield,2
Max_Mosley,1
Max_von_Sydow,1
Maxim_Afinogenov,1
Mayumi_Moriyama,1
McGuire_Gibson,1
Meg_Mallon,1
Meg_Wakeman,1
Megan_Mullally,3
Megawati_Sukarnoputri,33
Meghann_Shaughnessy,2
Mehdi_Baala,1
Mehmet_Ali_Sahin,1
Mehmet_Okur,1
Meirion_Evans,1
Mekhi_Phifer,1
Mel_Brooks,2
Mel_Gibson,2
Mel_Karmazin,1
Melana_Scantlin,1
Melanie_Griffith,3
Melchor_Cob_Castro,1
Meles_Zenawi,1
Melina_Kanakaredes,1
Melinda_Czink,1
Melissa_Etheridge,2
Melissa_Gilbert,1
Melissa_Joan_Hart,1
Melissa_Manchester,1
Melissa_Mulloy,1
Melissa_Stark,1
Melvin_Talbert,1
Mercedes_Amor,1
Meryl_Streep,15
Mesut_Yilmaz,2
Mia_Mottley,1
Mian_Khursheed_Mehmood_Kasuri,4
Micah_Knorr,1
Michael_Adams,1
Michael_Andretti,1
Michael_Arif,1
Michael_Ballack,3
Michael_Bloomberg,20
Michael_Bolton,1
Michael_Bouchard,1
Michael_Boyce,1
Michael_Brandon,1
Michael_Broad,1
Michael_Caine,4
Michael_Capellas,2
Michael_Chang,8
Michael_Chertoff,1
Michael_Chiklis,5
Michael_Clarke_Duncan,1
Michael_DeMinico,1
Michael_Dell,1
Michael_Denzel,1
Michael_Deutsch,1
Michael_Diekmann,1
Michael_Doleac,1
Michael_Donovan,1
Michael_Douglas,6
Michael_Fitzgerald,1
Michael_Frayn,1
Michael_Friedman,1
Michael_Goldrich,1
Michael_Guiler,1
Michael_Hagee,1
Michael_Haneke,1
Michael_Hoffa,1
Michael_J_Fox,1
Michael_J_Sheehan,2
Michael_Jackson,12
Michael_Jasny,1
Michael_Jordan,4
Michael_Kahn,1
Michael_Keaton,2
Michael_Killeen,1
Michael_Kirby,1
Michael_Kors,1
Michael_Kostelnik,2
Michael_Leavitt,2
Michael_Lechner,1
Michael_Linscott,1
Michael_Lopez-Alegria,1
Michael_McNeely,1
Michael_Michele,1
Michael_Milton,1
Michael_Moore,3
Michael_Munoz,1
Michael_Olowokandi,1
Michael_Patrick_King,2
Michael_Peat,1
Michael_Pfleger,1
Michael_Phelps,5
Michael_Piuze,1
Michael_Powell,5
Michael_Richards,1
Michael_Rolinee,1
Michael_Schumacher,18
Michael_Shane_Jolly,1
Michael_Sheehan,1
Michael_Shelby,1
Michael_Smith_Foster,1
Michael_Stark,1
Michael_Sullivan,2
Michael_Taylor,1
Michael_Wayne,1
Michael_Weiss,1
Michael_Winterbottom,3
Michalis_Chrisohoides,1
Micheal_Jourdain_Jr,1
Michel_Charles_Chretien,1
Michel_Duclos,2
Michel_Kratochvil,1
Michel_Minard,1
Michel_Temer,2
Michel_Therrien,2
Michelangelo_Antonioni,1
Michele_Placido,1
Michelle_Bachelet,1
Michelle_Branch,2
Michelle_Chiklis,1
Michelle_Collins,2
Michelle_Hofland,1
Michelle_Kwan,8
Michelle_Lecky,1
Michelle_Pfeiffer,3
Michelle_Rodriguez,2
Michelle_Yeoh,5
Mick_Jagger,5
Mick_McCarthy,1
Mickey_Gilley,1
Mickey_Loomis,1
Mickey_Rooney,1
Mickey_Sherman,1
Micky_Arison,1
Micky_Ward,1
Miguel_Aldana_Ibarra,1
Miguel_Angel_Rodriguez,1
Miguel_Contreras,2
Miguel_Cotto,1
Miguel_Estrada,2
Miguel_Hakim,1
Miguel_Jimenez,1
Miguel_Juarez_Perez,1
Miguel_Rosseto,1
Mika_Hakkinen,1
Mike_Alden,1
Mike_Babcock,2
Mike_Bair,1
Mike_Brey,2
Mike_Bryan,1
Mike_Carona,1
Mike_Cunning,1
Mike_Davis,1
Mike_Duke,1
Mike_Easley,1
Mike_Eskew,1
Mike_Farrar,1
Mike_Fisher,1
Mike_Flanagan,1
Mike_Gable,1
Mike_Helton,2
Mike_Holmgren,2
Mike_Johanns,1
Mike_Krzyzewski,6
Mike_Leach,1
Mike_Maroth,1
Mike_Martz,7
Mike_Matheny,1
Mike_Matthews,1
Mike_Miller,2
Mike_Montgomery,2
Mike_Myers,7
Mike_OConnell,1
Mike_Price,2
Mike_Richter,1
Mike_Samp,1
Mike_Scioscia,2
Mike_Sherman,1
Mike_Slive,1
Mike_Smith,1
Mike_Stefanik,1
Mike_Sweeney,1
Mike_Szymanczyk,1
Mike_Thibault,1
Mike_Tice,1
Mike_Tyson,4
Mike_Webster,1
Mike_Weir,11
Mikhail_Gorbachev,2
Mikhail_Kalashnikov,1
Mikhail_Kasyanov,4
Mikhail_Khodorkovsky,1
Mikhail_Shvydkoi,1
Mikhail_Wehbe,4
Mikhail_Youzhny,3
Mikulas_Dzurinda,2
Milan_Kucan,1
Milan_Milutinovic,1
Mile_Mrksic,1
Miles_Stewart,1
Millicent_Martin,1
Milo_Djukanovic,3
Milo_Maestrecampo,3
Milt_Heflin,1
Milt_Palacio,1
Milton_Berle,1
Milton_Wynants,1
Minnie_Driver,2
Minnie_Mendoza,1
Mira_Sorvino,1
Miranda_Gaddis,1
Miranda_Otto,1
Mireille_Jospin-Dandieu,1
Mirela_Manjani,1
Mireya_Elisa_Moscoso_Rodriguez,1
Mireya_Moscoso,5
Miroljub,2
Missy_Crider,1
Misty_Dawn_Clymer,1
Mitar_Rasevic,1
Mitch_Kupchak,1
Mitchell_Crooks,1
Mitchell_Daniels,4
Mitchell_Garabedian,1
Mitchell_McLaughlin,1
Mitchell_Potter,1
Mitchell_Swartz,1
Mitoji_Yabunaka,2
Mitsou_Gelinas,1
Mitt_Romney,1
Mitzi_Gaynor,1
Miyako_Miyazaki,2
Mladen_Naletilic,1
Mo_Elleithee,1
Moby,1
Mohamed_Benaissa,2
Mohamed_ElBaradei,8
Mohamed_Hammam,1
Mohamed_Seineldin,1
Mohammad_Aktar,1
Mohammad_Al-Sharief,1
Mohammad_Fares,1
Mohammad_Hasanein,1
Mohammad_Khatami,10
Mohammad_Mustapha_Miro,1
Mohammaed_Ahmad_Al_Jarallah,1
Mohammed_Abu_Sharia,1
Mohammed_Abulhasan,1
Mohammed_Al-Douri,15
Mohammed_Al_Hindi,1
Mohammed_Ashraf_Hafiz,1
Mohammed_Baqir_al-Hakim,3
Mohammed_Dahlan,1
Mohammed_Mehdi_Saleh,1
Mohammed_Salmane,1
Molly_Sims,1
Momcilo_Perisic,1
Momir_Nikolic,1
Mona_Ayoub,1
Mona_Locke,1
Mona_Rishmawi,1
Monica_Bellucci,4
Monica_Gabrielle,1
Monica_Lewinsky,3
Monica_Seles,6
Monica_Serra,1
Monica_Vergara,1
Monique_Ferreira,1
Monique_Gagnon-Tremblay,1
Monique_Garbrecht-Enfeldt,3
Monte_Kiffin,1
Moon-So-ri,1
Morgan_Fairchild,1
Morgan_Freeman,2
Morgan_Hentzen,1
Morris_Dees,1
Morris_Watts,1
Moshe_Katsav,4
Mother_Teresa,1
Ms_Dynamite,1
Mstislav_Rostropovich,1
Muammar_Gaddafi,2
Muffet_McGraw,1
Mufti_Mohammad_Syed,1
Muhammad_Ali,10
Muhammad_Ibrahim_Bilal,1
Muhammad_Saeed_al-Sahhaf,5
Mukesh_Ambani,3
Mukhtar_Alytnbayev,1
Munir_Akram,2
Muwafak_al-Ani,1
Myung_Yang,1
Na_Na_Keum,1
Nabil_Shaath,3
Nadia_Forte,1
Nadia_Petrova,5
Nadine_Vinzens,2
Naji_Sabri,8
Najib_al-Salhi,1
Namuddu_Florence,1
Nan_Wang,4
Nancy_Demme,2
Nancy_Greenlaw,1
Nancy_Humbert,1
Nancy_Kerrigan,1
Nancy_Pelosi,15
Nancy_Powell,1
Nancy_Reagan,2
Nancy_Sinatra,2
Nancy_Smith,1
Nanni_Moretti,2
Naomi_Bronstein,1
Naomi_Campbell,2
Naomi_Hayashi,1
Naomi_Watts,22
Naoto_Kan,4
Narayan_Singh_Pun,1
Narendra_Modi,1
Nasser_al-Kidwa,2
Nastassia_Kinski,2
Nastia_Liukin,1
Natalia_Dmitrieva,1
Natalia_Motuziuk,1
Natalia_Verbeke,1
Natalia_Vodonova,1
Natalie_Cole,3
Natalie_Coughlin,6
Natalie_Imbruglia,1
Natalie_Juniardi,1
Natalie_Maines,5
Natalie_Stewart,1
Natalie_Williams,1
Natalya_Sazanovich,1
Natanaela_Barnova,1
Natasa_Micic,1
Natasha_Henstridge,1
Natasha_Lyonne,1
Natasha_McElhone,3
Nate_Blackwell,1
Nate_Huffman,1
Nate_Hybl,1
Nathalia_Gillot,1
Nathalie_Baye,4
Nathalie_Dechy,1
Nathalie_Gagnon,1
Nathan_Doudney,1
Nathan_Lane,2
Nathan_Powell,1
Nathan_Smith,1
Nathirah_Hussein,1
Nawabzada_Nasrullah_Khan,1
Nebojsa_Pavkovic,2
Neil_Goldman,1
Neil_Moritz,1
Nelson_Acosta,1
Nelson_Mandela,4
Nelson_Shanks,1
Neri_Marcore,2
Nestor_Gonzalez,1
Nestor_Kirchner,37
Nestor_Santillan,1
Newt_Gingrich,1
Newton_Carlton_Slawson,1
Nia_Vardalos,5
Niall_Connolly,1
Nicanor_Duarte_Frutos,11
Nicholas_Byron,2
Nicholas_Tse,2
Nicholoas_DiMarzio,1
Nick_Cassavetes,1
Nick_Markakis,1
Nick_Nolte,5
Nick_Price,1
Nick_Rahall,1
Nick_Reilly,1
Nick_Rimando,1
Nick_Turner,1
Nicklas_Lidstrom,1
Nicola_Bono,1
Nicola_Wells,1
Nicolas_Cage,4
Nicolas_Escude,2
Nicolas_Eyzaguirre,1
Nicolas_Kiefer,1
Nicolas_Lapentti,2
Nicolas_Latorre,1
Nicolas_Macrozonaris,1
Nicolas_Massu,1
Nicolas_Sarkozy,1
Nicole,1
Nicole_Hiltz,1
Nicole_Kidman,19
Nicole_Parker,1
Nicoletta_Braschi,1
Nida_Blanca,1
Nigel_Redden,1
Nikki_Cascone,1
Nikki_McKibbin,1
Nikki_Reed,2
Nikki_Teasley,1
Nikolay_Davydenko,1
Nila_Ferran,1
Nina_Jacobson,1
Nina_Pecari,1
Nino_DAngelo,1
Nizar_Trabelsi,1
Noah_Wyle,3
Nobuyuki_Idei,1
Noel_Forgeard,1
Noel_Niell,1
Noelle_Bush,4
Noer_Moeis,1
Noer_Muis,1
Nona_Gaye,1
Nong_Duc_Manh,1
Noor_Mohammed,1
Nora_Bendijo,2
Nora_Ephron,1
Norah_Jones,15
Norbert_van_Heyst,1
Norio_Ohga,1
Norm_Coleman,7
Norm_Macdonald,1
Norman_Jewison,2
Norman_Mailer,1
Norman_Mineta,1
Normand_Legault,1
Norodom_Chakrapong,1
Norodom_Sihanouk,3
Nova_Esther_Guthrie,1
Nuon_Chea,1
Nur_Jaafar,1
Nursultan_Nazarbayev,2
OJ_Simpson,2
Octavio_Lara,1
Odai_Hussein,1
Odilia_Collazo,1
Oleg_Romantsev,1
Oleksandr_Moroz,2
Olene_Walker,1
Olesya_Bonabarenko,2
Oliver_Neuville,1
Oliver_Phelps,1
Oliver_Stone,1
Olivera_Labus,1
Olivia_Newton-John,2
Olivier_Boulay,1
Olivier_Rochus,1
Olympia_Dukakis,1
Omar_Khan_Sharif,1
Omar_Sharif,4
Omar_Vizquel,1
Omar_el-Heib,1
Ontario_Lett,1
Oprah_Winfrey,4
Oracene_Williams,1
Orlando_Bloom,3
Ornella_Muti,1
Orrin_Hatch,2
Osama_Al_Baz,1
Osama_bin_Laden,4
Oscar_Bolanos,1
Oscar_DLeon,1
Oscar_De_La_Hoya,7
Oscar_Elias_Biscet,2
Oscar_de_la_Renta,1
Osmond_Smith,1
Osrat_Iosef,1
Oswald_Gruebel,1
Oswaldo_Paya,5
Otto_Reich,1
Otto_Schily,1
Owen_Nolan,1
Owen_Wilson,2
Oxana_Fedorova,4
Ozzie_Smith,1
Ozzy_Osbourne,3
Pa_Kou_Hang,1
Pablo_Khulental,1
Pablo_Latras,1
Paddy_Long,1
Paddy_Torsney,1
Padraig_Harrington,4
Paek_Nam_Sun,1
Paige_Fitzgerald,1
Pak_Gil_Yon,1
Pamela_Anderson,5
Pamela_Melroy,1
Paola_Espinoza,1
Paradorn_Srichaphan,10
Paris_Hilton,2
Park_Jie-won,1
Park_Jung_Sung,1
Park_Na-kyong,1
Parris_Glendening,2
Parthiv_Patel,1
Pascal_Affi_Nguessan,1
Pascal_Lamy,2
Pascal_Quignard,3
Pascal_Rheaume,1
Pat_Burns,2
Pat_Cox,2
Pat_DAmuro,1
Pat_Riley,1
Pat_Rochester,1
Pat_Summerall,1
Pat_Summitt,1
Pat_Wharton,1
Patrice_Chereau,2
Patricia_Clarkson,4
Patricia_Garone,1
Patricia_Hearst,1
Patricia_Heaton,2
Patricia_Johnson,1
Patricia_Medina,1
Patricia_Phillips,1
Patricia_Russo,1
Patricia_Wartusch,1
Patrick_Bourrat,1
Patrick_Clawsen,1
Patrick_Coleman,1
Patrick_Dennehy,1
Patrick_Eaves,1
Patrick_Ewing,2
Patrick_Kron,1
Patrick_Leahy,2
Patrick_McEnroe,2
Patrick_Rafter,1
Patrick_Roy,2
Patrick_Stewart,2
Patrik_Kristiansson,1
Patsy_Hardy,1
Patsy_Kensit,1
Patsy_Mink,1
Patti_Balgojevich,1
Patti_Labelle,3
Patti_Lank,1
Patti_Smith,1
Patty_Duke,1
Patty_Schnyder,4
Patty_Sheehan,1
Paul-Henri_Mathieu,3
Paul_Bettany,1
Paul_Brandt,1
Paul_Bremer,20
Paul_Burrell,11
Paul_Byrd,2
Paul_Celluci,1
Paul_Cerjan,1
Paul_Clark,1
Paul_Coppin,2
Paul_Crake,1
Paul_Desmarais,1
Paul_Ebert,1
Paul_Farley,1
Paul_Gannon,1
Paul_Gascoigne,3
Paul_Greengrass,1
Paul_Henderson,1
Paul_Hogan,2
Paul_Johnson,1
Paul_Kagame,2
Paul_Kariya,1
Paul_Kelleher,1
Paul_Krueger,1
Paul_LeClerc,1
Paul_Li_Calsi,1
Paul_Lo_Duca,1
Paul_Lockhart,1
Paul_Luvera,1
Paul_Martin,8
Paul_McCartney,7
Paul_McNulty,2
Paul_Michael_Daniels,1
Paul_Murphy,1
Paul_Newman,1
Paul_ONeill,9
Paul_Otellini,1
Paul_Patton,2
Paul_Pierce,2
Paul_Reiser,1
Paul_Sarbanes,3
Paul_Schrader,1
Paul_Shanley,3
Paul_Tagliabue,4
Paul_Tracy,1
Paul_Vathis,1
Paul_Walker,1
Paul_Wals,1
Paul_Wellstone,3
Paul_William_Hurley,2
Paul_Wilson,1
Paul_Wolfowitz,10
Paul_Wollnough,1
Paula_Abdul,1
Paula_Dobriansky,1
Paula_Locke,1
Paula_Prentiss,1
Paula_Radcliffe,6
Paula_Zahn,2
Pauley_Perrette,1
Paulie_Ayala,1
Paulina_Rodriguez_Davila,1
Pauline_Landers,1
Pauline_Phillips,1
Paulo_Cesar_Pinheiro,2
Pedro_Almodovar,7
Pedro_Alvarez,1
Pedro_Duque,1
Pedro_Mahecha,1
Pedro_Malan,5
Pedro_Martinez,1
Pedro_Pauleta,1
Pedro_Solbes,4
Pedro_Velasquez,1
Peggy_McGuinness,1
Pele,1
Penelope_Ann_Miller,2
Penelope_Cruz,3
Penelope_Taylor,1
Penny_Dupuie,1
Penny_Lancaster,1
Percy_Gibson,1
Peri_Gilpin,1
Pernilla_Bjorn,1
Perri_Shaw,1
Perry_Compton,1
Perry_Farrell,1
Perry_Gibbs,1
Pervez_Musharraf,18
Pete_Aldridge,1
Pete_Beaudrault,1
Pete_Carroll,3
Pete_Gillen,1
Pete_Rose,2
Pete_Sampras,22
Peter_Ahearn,1
Peter_Albertsen,1
Peter_Arnett,3
Peter_Bacanovic,2
Peter_Camejo,1
Peter_Care,1
Peter_Caruana,1
Peter_Chan,1
Peter_Costello,2
Peter_Fisher,1
Peter_Fitzgerald,1
Peter_Fonda,1
Peter_Gabriel,1
Peter_Gilmour,1
Peter_Goldmark,1
Peter_Greenaway,2
Peter_Greenspun,1
Peter_Harrison,2
Peter_Hartz,1
Peter_Harvey,1
Peter_Hillary,2
Peter_Hollingworth,1
Peter_Holmberg,1
Peter_Hunt,1
Peter_Lundgren,1
Peter_Mackay,1
Peter_Mansbridge,1
Peter_Max,1
Peter_Medgyessy,1
Peter_Mugyeni,1
Peter_Mullan,1
Peter_OToole,1
Peter_Rasch,1
Peter_Rasmussen,1
Peter_Schultz,1
Peter_Sejna,1
Peter_Shaw,1
Peter_Struck,5
Peter_Ueberroth,1
Petria_Thomas,3
Petro_Symonenko,2
Pham_Sy_Chien,1
Pham_Thi_Mai_Phuong,1
Phan_Van_Khai,3
Pharrell_Williams,1
Phil_Bennett,1
Phil_Bredesen,1
Phil_Cline,1
Phil_Cullen,1
Phil_Donahue,1
Phil_Gramm,2
Phil_Jackson,1
Phil_Johnson,1
Phil_McGraw,1
Phil_Mickelson,2
Phil_Morris,1
Phil_Vassar,2
Philip_Cummings,1
Philip_Murtaugh,1
Philip_Zalewski,1
Philippe_Gagnon,1
Philippe_Noiret,2
Phillip_Fulmer,1
Phillip_Seymor_Hoffmann,1
Phillipe_Comtois,1
Phillips_Idowu,1
Phoenix_Chang,1
Picabo_Street,1
Pier_Ferdinando_Casini,1
Pierce_Brosnan,15
Pierre_Boulanger,2
Pierre_Gagnon,1
Pierre_Lacroix,1
Pierre_Pettigrew,3
Pierre_Png,1
Pierre_Van_Hooijdonk,1
Piers_Sellers,1
Pieter_Bouw,1
Pilar_Montenegro,1
Pinar_del_Rio,1
Pio_Laghi,1
Piotr_Anderszewski,1
Placido_Domingo,3
Platon_Lebedev,1
Poala_Suarez,1
Polona_Bas,1
Porter_Goss,1
Portia_de_Rossi,1
Prakash_Hinduja,1
Prem_Kumar_Nair,1
Prince_Charles,5
Prince_Claus,4
Prince_Edward,2
Prince_Felipe,1
Prince_Harry,3
Prince_Naruhito,3
Prince_Philippe,1
Prince_Rainier_III,1
Prince_Willem-Alexander,3
Prince_William,2
Princess_Aiko,2
Princess_Anne,2
Princess_Caroline,5
Princess_Diana,1
Princess_Elisabeth,2
Princess_Hisako,1
Princess_Masako,2
Princess_Maxima,1
Princess_Stephanie,1
Princess_Victoria,1
Pringe_Ernst_August,1
Priscilla_Owen,2
Priscilla_Presley,2
Priyanka_Chopra,1
Prospero_Pichay,1
Pupi_Avati,4
Pyar_Jung_Thapa,1
Qais_al-Kazali,1
Qazi_Afzal,1
Qazi_Hussain_Ahmed,1
Qian_Qichen,1
Queen_Beatrix,4
Queen_Elizabeth_II,13
Queen_Latifah,4
Queen_Noor,1
Queen_Rania,5
Queen_Silvia,1
Queen_Sofia,1
Quin_Snyder,1
Quincy_Jones,1
Qusai_Hussein,1
Raaf_Schefter,1
Raag_Singhal,1
Rachel_Corrie,1
Rachel_Griffiths,3
Rachel_Hunter,4
Rachel_Kempson,1
Rachel_Leigh_Cook,1
Rachel_Roy,1
Rachel_Wadsworth,1
Rachel_Wheatley,1
Radovan_Karadzic,1
Raf_Vallone,1
Rafael_Bielsa,1
Rafael_Ramirez,4
Rafael_Vinoly,1
Rafeeuddin_Ahmed,1
Rafidah_Aziz,1
Rafiq_Hariri,1
Raghad_Saddam_Hussein,2
Rahul_Dravid,1
Rainer_Geulen,1
Rainer_Gut,1
Rainer_Schuettler,5
Raja_Ibrahim,1
Raja_Qureshi,1
Raja_Ramani,1
Raja_Zafar-ul-Haq,1
Ralf_Schumacher,8
Ralph_Fiennes,1
Ralph_Firman,2
Ralph_Friedgen,1
Ralph_Goodale,1
Ralph_Klein,2
Ralph_Lauren,2
Ralph_Nader,1
Ralph_Sampson,1
Ramiro_Goben_Reducindo,1
Ramon_Cardenas,1
Ramon_Delgado,1
Ramon_Ponce_de_Leon,1
Ramon_Santana,1
Ramona_Rispton,1
Rand_Beers,1
Rand_Miller,1
Randall_Terry,1
Randall_Tobias,1
Randy_Brown,1
Randy_Dryer,1
Randy_Ferbey,1
Randy_Jackson,1
Randy_Johnson,1
Randy_Travis,1
Rani_Mukherjee,1
Ranil_Wickremasinghe,3
Raoul_Ruiz,4
Raquel_Welch,2
Rashid_Qureshi,1
Ratna_Sari_Dewi_Sukarno,1
Raul_Castaneda,1
Raul_Chacon,1
Raul_Cubas,1
Raul_Gonzalez,1
Raul_Ibanez,1
Raul_Mondesi,1
Raul_Rivero,1
Ravan_AG_Farhadi,1
Ray_Allen,3
Ray_Bradbury,1
Ray_Evernham,1
Ray_Halbritter,1
Ray_Lewis,1
Ray_Liotta,1
Ray_Lucas,1
Ray_Morrough,1
Ray_Nagin,2
Ray_Price,1
Ray_Romano,9
Ray_Sherman,1
Ray_Wasden,1
Ray_Young,1
Raymond_Arthurs,1
Raymond_Odierno,2
Raza_Rabbani,1
Razali_Ismail,1
Rebecca_Romijn-Stamos,4
Rebekah_Chantay_Revels,4
Recep_Tayyip_Erdogan,30
Red_Auerbach,1
Reese_Witherspoon,4
Reggie_Lewis,1
Reggie_Miller,2
Reggie_Sanders,1
Regina_Ip,1
Reginald_Hudlin,1
Reina_Hayes,1
Reinhard_Buetikofer,1
Ren_Qingjin,1
Rena_Sofer,1
Renato_Soru,1
Rene_Antonio_Leon_Rodriguez,1
Rene_Portland,1
Renee_Zellweger,17
Retief_Goosen,1
Rey_Sanchez,1
Reyyan_Uzuner,1
Rhett_Warrener,1
Rhina_Villatoro,1
Ricardo_Lagos,27
Ricardo_Lopez_Murphy,2
Ricardo_Maduro,2
Ricardo_Mayorga,1
Ricardo_Monasterio,2
Ricardo_Sanchez,6
Riccardo_Muti,1
Rich_Brooks,1
Rich_Gannon,2
Richard_Armitage,9
Richard_Barry,1
Richard_Branson,2
Richard_Butler,2
Richard_Carl,1
Richard_Chamberlain,1
Richard_Cohen,1
Richard_Crenna,2
Richard_Daley,1
Richard_Dreyfuss,1
Richard_Fine,1
Richard_Gephardt,11
Richard_Gere,10
Richard_Greenberg,1
Richard_Haass,2
Richard_Hamilton,1
Richard_Harris,1
Richard_Hellfant,1
Richard_Jefferson,1
Richard_Jewell,1
Richard_Krajicek,3
Richard_Langille,1
Richard_Lennon,1
Richard_Levin,1
Richard_Lugar,1
Richard_Myers,18
Richard_Naughton,1
Richard_Norton-Taylor,2
Richard_Palmer,1
Richard_Parsons,1
Richard_Paul_Evans,1
Richard_Penniman,1
Richard_Pennington,1
Richard_Perle,1
Richard_Regenhard,1
Richard_Reid,1
Richard_Rodriguez,1
Richard_Sambrook,2
Richard_Shelby,2
Richard_Sterner,1
Richard_Tubb,1
Richard_Virenque,8
Richard_Ward,1
Richie_Adubato,2
Rick_Barnes,3
Rick_Bland,1
Rick_Bragg,1
Rick_Carlisle,4
Rick_Caruso,1
Rick_Dinse,3
Rick_Husband,1
Rick_Lu,1
Rick_Perry,6
Rick_Pitino,4
Rick_Reed,1
Rick_Rickert,1
Rick_Romley,3
Rick_Santorum,3
Rick_Stansbury,3
Rick_Wagoner,2
Ricky_Barnes,2
Ricky_Cottrill,1
Ricky_Martin,2
Ricky_Ponting,2
Ricky_Quick,1
Ricky_Ray,1
Ridley_Scott,1
Riek_Blanjaar,1
Rien_Long,1
Rina_Lazo,1
Ringo_Starr,1
Rio_Ferdinand,2
Rita_Grande,3
Rita_Moreno,2
Rita_Wilson,4
Rob_Lowe,4
Rob_Marshall,6
Rob_Moore,1
Rob_Morrow,1
Rob_Niedermayer,1
Rob_Ramsay,1
Rob_Schneider,2
Robbie_Coltrane,1
Robbie_Fowler,2
Robbie_Mc_Ewen,1
Robbie_Naish,1
Robbie_Williams,3
Robby_Ginepri,2
Robert_Altman,1
Robert_Beck,1
Robert_Blackwill,2
Robert_Blake,8
Robert_Bonner,3
Robert_Bullock,2
Robert_DeFraites,2
Robert_De_Niro,6
Robert_Douglas,1
Robert_Downey_Jr,1
Robert_Durst,1
Robert_Duvall,8
Robert_Ehrlich,2
Robert_Evans,3
Robert_F_Kennedy_Jr,1
Robert_Fico,2
Robert_Flodquist,1
Robert_Gallo,1
Robert_Gordon_Card,1
Robert_Hanssen,1
Robert_Horan,2
Robert_Hyatt,1
Robert_Kipkoech_Cheruiyot,1
Robert_Kocharian,5
Robert_Korzeniowski,1
Robert_Lange,1
Robert_Lee_Yates_Jr,1
Robert_Marshall,1
Robert_McKee,1
Robert_Morvillo,1
Robert_Mueller,5
Robert_Mugabe,2
Robert_Nardelli,1
Robert_Nillson,1
Robert_Pollack,1
Robert_Redford,8
Robert_Schuller,1
Robert_Stack,2
Robert_Torricelli,3
Robert_Towne,1
Robert_Tyrrell,1
Robert_Vowler,1
Robert_Wagner,1
Robert_Weitzel,1
Robert_Wiener,1
Robert_Witt,2
Robert_Woody_Johnson,1
Robert_Zoellick,7
Roberta_Combs,1
Roberto_Arguelles,1
Roberto_Benigni,2
Roberto_Canessa,1
Roberto_Carlos,4
Roberto_Cavalli,1
Roberto_Cercelletta,1
Roberto_Guaterroma,1
Roberto_Laratro,1
Roberto_Lavagna,1
Roberto_Marinho,3
Roberto_Robaina,1
Roberto_Tovar,1
Robin_Cook,2
Robin_Johansen,1
Robin_McGraw,1
Robin_McLaurin_Williams,2
Robin_Tunney,1
Robin_Wagner,1
Robin_Williams,1
Robin_Wright_Penn,1
Robinson_Stevenin,2
Rocco_Buttiglione,1
Rod_Blagojevich,2
Rod_Bryden,1
Rod_Jong-il,1
Rod_Paige,1
Rod_Stewart,3
Rod_Thorn,1
Rodney_Dangerfield,1
Rodney_Rempt,1
Rodolfo_Abalos,1
Rodrigo_Borja,2
Rodrigo_Rato,1
Rodrigo_de_la_Cerna,1
Roel_Campos,1
Rogelio_Montemayor,1
Rogelio_Ramos,1
Roger_Clemens,2
Roger_Cook,1
Roger_Corbett,1
Roger_Daltrey,1
Roger_Etchegaray,1
Roger_Federer,14
Roger_Grimes,1
Roger_King,1
Roger_Lyons,1
Roger_Machado,1
Roger_Mahony,1
Roger_Moore,5
Roger_Penske,1
Roger_Staubach,1
Roger_Suarez,1
Roger_Toussaint,1
Roger_Winter,1
Rogerio_Romero,2
Roh_Moo-hyun,32
Rohinton_Mistry,1
Rohman_al-Ghozi,1
Roland_Koch,1
Rolandas_Paksas,2
Rolf_Eckrodt,2
Rolf_Zimmermann,1
Rollie_Massimino,1
Romain_Duris,1
Roman_Abramovich,1
Roman_Coppola,1
Roman_Polanski,6
Roman_Tam,1
Romano_Prodi,7
Romario_Farias,1
Romeo_Gigli,1
Ron_Dittemore,8
Ron_Gonzales,1
Ron_Howard,2
Ron_Kirk,1
Ron_Lantz,1
Ron_Zook,1
Ronald_Brower,1
Ronald_Harwood,1
Ronald_Ito,1
Ronald_Kadish,1
Ronald_Kessler,1
Ronald_Perelman,1
Ronald_Post,1
Ronald_Reagan,3
Ronald_White,1
Ronald_Young_Jr,1
Ronaldo_Luis_Nazario_de_Lima,4
Ronde_Barber,1
Ronnie_Jagday,1
Ronnie_Musgrove,1
Rosa_Haywa_de_Condori,1
Rosalie_Perkov,1
Rosalyn_Carter,1
Rosario_Dawson,1
Rose_Linkins,1
Rose_Marie,1
Roseanne_Barr,3
Rosemarie_Stack,2
Rosie_Perez,1
Rosny_Desroches,1
Ross_Verba,1
Rowan_Williams,1
Roy_Blunt,1
Roy_Chaderton,1
Roy_Halladay,1
Roy_Jones_Jr,2
Roy_Moore,6
Roy_Rogers,1
Roy_Romanow,1
Roy_Williams,4
Ruano_Pascual,1
Ruben_Sierra,1
Ruben_Studdard,2
Ruben_Wolkowyski,1
Rubens_Barrichello,12
Rudi_Voeller,1
Rudolf_Schuster,1
Rudolph_Giuliani,26
Rudolph_Holton,1
Rudy_Tomjanovich,1
Rulon_Gardner,1
Rupert_Grint,3
Rupert_Murdoch,2
Russ_Ortiz,1
Russell_Coutts,2
Russell_Crowe,2
Russell_Simmons,5
Rustu_Recber,1
Ruth_Bader_Ginsburg,1
Ruth_Christofferson,1
Ruth_Dreifuss,2
Ruth_Harlow,2
Ruth_Pearce,1
Ruth_Stubbs,1
Ryan_Drese,1
Ryan_Goodman,1
Ryan_Leaf,1
Ryan_Newman,1
Ryan_Nyquist,1
SJ_Twu,1
S_Jayakumar,2
Saadi_Gadhafi,1
Sabah_Al-Ahmad_Al-Jaber_Al-Sabah,1
Saburo_Kawabuchi,2
Sachiko_Yamada,4
Sachin_Tendulkar,1
Sada_Jacobson,1
Sadam_Hassan,1
Saddam_Hussein,23
Sadie_Frost,3
Saeb_Erekat,2
Saeed_Anwar,1
Saeed_Mortazavi,1
Sahim_Alwan,1
Saied_Hadi_al_Mudarissi,1
Sally_Clark,1
Sally_Field,4
Sally_Kirkland,4
Sally_Ride,2
Salma_Hayek,13
Salman_Khan,1
Salman_Rushdie,3
Sam_Bith,3
Sam_Brownback,1
Sam_Gerald,1
Sam_Mendes,2
Sam_Rockwell,1
Sam_Torrance,3
Saman_Shali,1
Samantha_Daniels,1
Samantha_Ledster,1
Sami_Al-Arian,1
Samira_Makhmalbaf,2
Sammy_Knight,1
Sammy_Sosa,2
Samuel_Waksal,4
San_Lan,1
Sananda_Maitreya,1
Sandra_Banning,1
Sandra_Bullock,4
Sandra_Ceccarelli,1
Sandra_Day_OConner,1
Sandra_Milo,1
Sandra_Shamas,1
Sandy_Smith,1
Sandy_Wise,1
Sanja_Papic,1
Sanjay_Chawla,1
Sanjay_Gupta,1
Santiago_Botero,1
Saoud_Al_Faisal,1
Saparmurat_Niyazov,2
Sara_Elisabeth_Ahmad,1
Sara_Silverman,1
Sarah_Canale,1
Sarah_Hughes,6
Sarah_Jessica_Parker,6
Sarah_Michelle_Gellar,3
Sarah_Price,1
Sarah_Weddington,1
Sarah_Wynter,1
Sargis_Sargsian,1
Sasha_Alexander,1
Sasha_Cohen,1
Satnarine_Sharma,1
Scott_Blum,1
Scott_Dalton,1
Scott_Dickson,1
Scott_Fawell,1
Scott_Gorelick,1
Scott_Hamilton,1
Scott_Hoch,1
Scott_Hubbard,1
Scott_McClellan,5
Scott_McNealy,2
Scott_OGrady,1
Scott_Peterson,5
Scott_Ritter,2
Scott_Rolen,1
Scott_Rudin,2
Scott_Sullivan,2
Scott_Verplank,1
Scott_Wallach,1
Scott_Weiland,1
Scott_Wittman,1
Scott_Wolf,2
Scott_Yates,1
Se_Hyuk_Joo,1
Sean_Astin,3
Sean_Combs,1
Sean_Hayes,2
Sean_OKeefe,5
Sean_Patrick_OMalley,3
Sean_Patrick_Thomas,1
Sean_Penn,3
Sean_Townsend,1
Sebastian_Cuattrin,1
Sebastian_Porto,1
Sebastian_Saja,3
Sebastien_Grosjean,4
Sedigh_Barmak,1
Selma_Phoenix,1
Sepp_Blatter,4
Serena_Karlan,1
Serena_Williams,52
Sereyvuth_Kem,1
Serge_Klarsfeld,1
Serge_Melac,1
Serge_Tchuruk,1
Sergei_Alexandrovitch_Ordzhonikidze,1
Sergei_Ivanov,5
Sergei_Yastrzhembsky,1
Sergei_Yushenkov,1
Sergey_Lavrov,11
Sergio_Castellitto,1
Sergio_Garcia,2
Sergio_Vieira_De_Mello,11
Seth_Gorney,1
Severino_Antinori,1
Seydou_Diarra,1
Seymour_Cassell,1
Shae-Lynn_Bourne,1
Shafal_Mosed,1
Shamai_Leibowitz,1
Shane_Hmiel,1
Shane_Loux,1
Shane_Mosley,2
Shane_Phillips,1
Shane_Reynolds,1
Shane_Warne,2
Shania_Twain,1
Shanna_Zolman,1
Shannon_OBrien,2
Shannyn_Sossamon,1
Sharess_Harrell,1
Sharon_Davis,2
Sharon_Frey,2
Sharon_Osbourne,3
Sharon_Robinson,1
Sharon_Stone,5
Shaukat_Aziz,2
Shaul_Mofaz,3
Shaun_Pollock,1
Shaun_Rusling,1
Shavon_Earp,1
Shawn_Bradley,1
Shawn_Kemp,1
Shawn_Marion,1
Sheikh_Ahmed_Yassin,1
Sheila_Copps,4
Sheila_Fraser,2
Sheila_Taormina,1
Sheila_Wellstone,2
Sheldon_Silver,1
Sherri_Coale,1
Sherry_Fisher,1
Sherry_Irving,1
Sheryl_Crow,8
Shi_Guangsheng,1
Shia_LaBeouf,2
Shigeo_Nagashima,1
Shigeru_Ishiba,1
Shimon_Peres,8
Shingo_Katayama,1
Shingo_Suetsugu,1
Shinya_Taniguchi,1
Shinzo_Abe,1
Shireen_Amir_Begum,1
Shirley_Jones,1
Shobha_De,1
Shoshana_Johnson,1
Shoshannah_Stern,1
Sid_Caesar,1
Sidney_Kimmel,1
Sidney_Poitier,1
Sigourney_Weaver,1
Sila_Calderon,4
Silvan_Shalom,6
Silvia_Farina_Elia,3
Silvie_Cabero,1
Silvio_Berlusconi,33
Silvio_Fernandez,2
Sim_Yong,1
Simon_Chalk,1
Simon_Cowell,2
Simon_Larose,1
Simon_Yam,1
Simona_Hradil,1
Sinead_OConnor,1
Sivan_Klein,1
Skip_Prosser,1
Slobodan_Milosevic,4
Soenarno,1
Sofia_Milos,1
Sofyan_Dawood,1
Sohail_Abbas,1
Sok_An,1
Solomon_Passy,1
Sonia_Gandhi,4
Sonia_Lopez,1
Sonja_Kesselschlager,1
Sonya_Walger,1
Soon_Yi,1
Sophia_Loren,7
Sophie,1
Sourav_Ganguly,5
Spencer_Abraham,17
Spike_Helmick,1
Spike_Jonze,1
Spike_Lee,1
Stacey_Dales-Schuman,1
Stacey_Jones,1
Stacey_Yamaguchi,1
Stacy_Dragila,2
Stacy_Nelson,1
Stan_Heath,2
Stan_Kasten,1
Stan_Kroenke,1
Stanislas_Wawrinka,1
Stanley_Ho,1
Stanley_McChrystal,3
Stanley_Nelson,1
Stanley_Tong,2
Stefaan_Declerk,1
Stefan_Holm,1
Stefan_Koubek,1
Stefan_Tafrov,1
Stefanie_De_Roux,1
Stefano_Accorsi,2
Stefano_Basalini,1
Stefano_Gabbana,1
Steffeny_Holtz,1
Steffi_Graf,5
Stella_Keitel,1
Stella_McCartney,1
Stella_Tennant,1
Stellan_Skarsgard,2
Steny_Hoyer,1
Stepan_Demirchian,1
Stephan_Eberharter,1
Stephane_Delajoux,1
Stephane_Rochon,1
Stephane_Rousseau,1
Stephanie_Cohen_Aloro,1
Stephanie_Moore,1
Stephanie_Zimbalist,1
Stephen_Ambrose,2
Stephen_Arigbabu,1
Stephen_Cooper,1
Stephen_Covey,1
Stephen_Crampton,1
Stephen_Daldry,2
Stephen_Ebberharter,1
Stephen_Frears,1
Stephen_Friedman,2
Stephen_Funk,1
Stephen_Glassroth,1
Stephen_Joseph,1
Stephen_Keener,1
Stephen_Oake,1
Stephen_Push,1
Stephen_Silas,1
Stephen_Swindal,1
Stephen_Thompson,1
Stephen_Webster,1
Sterling_Hitchcock,1
Steve-O,1
Steve_Alford,1
Steve_Allan,1
Steve_Allee,1
Steve_Austin,1
Steve_Avery,1
Steve_Backley,2
Steve_Ballmer,3
Steve_Blake,1
Steve_Blankenship,1
Steve_Case,1
Steve_Coogan,1
Steve_Coterill,1
Steve_Cox,1
Steve_Cutler,1
Steve_Fehr,1
Steve_Karsay,1
Steve_Kerr,1
Steve_Largent,1
Steve_Lavin,6
Steve_Lenard,1
Steve_Mariucci,3
Steve_McManaman,1
Steve_Nash,5
Steve_Nesbitt,1
Steve_Pagliuca,1
Steve_Park,2
Steve_Patterson,1
Steve_Peace,1
Steve_Phillips,1
Steve_Redgrave,1
Steve_Rush,1
Steve_Shiver,1
Steve_Spurrier,2
Steve_Stirling,1
Steve_Valentine,1
Steve_Wariner,1
Steve_Waugh,2
Steve_Zahn,1
Steven_Briggs,1
Steven_Craig,1
Steven_Curtis_Chapman,1
Steven_Feldman,1
Steven_Hatfill,2
Steven_Kinlock,1
Steven_Seagal,2
Steven_Spielberg,7
Steven_Tyler,1
Steven_Van_Zandt,1
Stipe_Mesic,1
Stockard_Channing,3
Strom_Thurmond,3
Stuart_Knoll,1
Stuart_Townsend,1
Stuart_Whitman,1
Sue_Grafton,1
Sue_Guevara,1
Sue_Johnston,1
Sue_Slavec,1
Sue_Wicks,2
Suh_Chung-won,1
Suh_Young-hoon,1
Suk_Chung_Hong,1
Sultan_Qaboos,1
Sun_Myung_Moon,1
Sung_Hong_Choi,1
Supachai_Panitchpakdi,1
Surakait_Sathirathai,2
Sureyya_Ayhan,1
Surya_Bahadur_Thapa,1
Susan_Collins,2
Susan_Sarandon,6
Susan_Walvius,1
Susan_Whelan,1
Sushma_Swaraj,1
Susie_Castillo,2
Susilo_Bambang_Yudhoyono,4
Suzanne_Fox,1
Suzanne_Gaudet,2
Suzanne_Haik_Terrell,1
Suzanne_Mubarak,1
Suzanne_Somers,1
Suzanne_Torrance,1
Suzie_McConnell_Serio,1
Sven_Goran_Eriksson,1
Sven_Ottke,1
Svend_Aage_Jensby,1
Svend_Robinson,1
Svetislav_Pesic,1
Svetlana_Belousova,1
Svetlana_Koroleva,2
Svetoslav_Todorov,1
Sybille_Schmid,1
Syed_Abdul_Rahman_Geelani,1
Syed_Ibrahim,1
Sylvester_Stallone,9
Sylvia_Plachy,1
Sylvie_Guillem,1
Szu_Yu_Chen,1
TA_McLendon,1
TJ_Ford,1
T_Boone_Pickens,1
Tab_Baldwin,1
Tab_Turner,1
Tabare_Vazquez,1
Taha_Yassin_Ramadan,15
Taia_Balk,1
Takahiro_Mori,1
Takaloo,1
Takashi_Sorimachi,2
Takashi_Yamamoto,1
Takenori_Kanzaki,1
Takeo_Fukui,1
Takeo_Hiranuma,1
Takeshi_Kitano,1
Taku_Yamasaki,1
Takuma_Sato,1
Talal_Keenaan,1
Tali_Imani,1
Talisa_Bratt,1
Talisa_Soto,1
Tamara_Brooks,2
Tamara_Mowry,1
Tamara_Stokes,1
Tamika_Catchings,1
Tammy_Helm,1
Tammy_Lynn_Michaels,2
Tang_Jiaxuan,11
Tangra_Riggle,1
Tanya_Holyk,1
Tanya_Lindenmuth,1
Taoufik_Mathlouthi,1
Tara_Dawn_Christensen,1
Tara_Kirk,1
Tara_Reid,1
Tara_VanDerveer,1
Tariq_Aziz,6
Tassos_Papadopoulos,3
Tatiana_Gratcheva,1
Tatiana_Kennedy_Schlossberg,1
Tatiana_Panova,1
Tatiana_Paus,1
Tatiana_Shchegoleva,1
Tatjana_Gsell,1
Tatsuya_Fuji,1
Tatyana_Tomashova,1
Taufik_Hidayat,3
Taufik_Kiemas,1
Tavis_Smiley,1
Taylor_Twellman,1
Taylyn_Solomon,1
Tayshaun_Prince,1
Tayyeb_Abdel_Rahim,1
Ted_Christopher,1
Ted_Costa,1
Ted_Maher,2
Ted_Nolan,1
Ted_Turner,1
Ted_Washington,1
Ted_Williams,1
Teddy_Kollek,1
Terence_Newman,1
Teresa_Graves,1
Teresa_Heinz_Kerry,1
Teresa_Williams,1
Teresa_Worbis,1
Teri_Files,1
Teri_Garr,1
Teri_ORourke,1
Terje_Roed-Larsen,2
Terrell_Suggs,2
Terrence_Kiel,1
Terrence_Trammell,1
Terri_Clark,1
Terry_Bradshaw,1
Terry_Gilliam,1
Terry_Hoeppner,1
Terry_Lynn_Barton,1
Terry_McAuliffe,3
Terry_Semel,1
Terry_Stotts,2
Teruaki_Masumoto,1
Terunobu_Maeda,1
Tessa_Jowell,1
Tex_Ritter,1
Thabo_Mbeki,5
Thad_Matta,1
Thaksin_Shinawatra,6
Thalia,1
Thanongsak_Tuvinan,1
Theo_Angelopoulos,1
Theo_Epstein,2
Theodore_Tweed_Roosevelt,3
Theresa_Gattung,1
Theresa_May,3
Thierry_Falise,3
Thierry_Mariani,1
Thomas_Birmingham,2
Thomas_Bjorn,2
Thomas_Cloyd,1
Thomas_Daily,1
Thomas_Day,1
Thomas_Enqvist,1
Thomas_Fargo,4
Thomas_Ferguson,1
Thomas_Franklin,1
Thomas_Gottschalk,1
Thomas_Haeggstroem,1
Thomas_Kelly,1
Thomas_Klestil,1
Thomas_Malchow,2
Thomas_Manger,1
Thomas_Mesereau_Jr,1
Thomas_OBrien,9
Thomas_Rupprath,3
Thomas_Scavone,1
Thomas_Stewart,1
Thomas_Ulrich,1
Thomas_Van_Essen,1
Thomas_Watjen,1
Thomas_Weston,1
Thomas_Wilkens,1
Thomas_Wyman,2
Thor_Pedersen,1
Tia_Mowry,1
Tiago_Splitter,1
Tian_Liang,1
Tian_Zhuang_Zhuang,1
Tiffany_Limos,1
Tiger_Woods,23
Tim_Allen,4
Tim_Blake_Nelson,1
Tim_Chapman,2
Tim_Conway,3
Tim_Curley,1
Tim_Curry,2
Tim_Duncan,4
Tim_Floyd,2
Tim_Henman,19
Tim_Howard,1
Tim_Jones,1
Tim_Lobinger,1
Tim_Lopes,1
Tim_Matheson,1
Tim_Norbeck,1
Tim_Pawlenty,1
Tim_Robbins,5
Tim_Salmon,1
Tim_Welsh,1
Timbul_Silaen,1
Timothy_Coughlin,1
Timothy_Goebel,1
Timothy_McVeigh,1
Timothy_Rigas,1
Timothy_Wirth,1
Tina_Andrews,1
Tina_Brown,1
Tina_Conner,1
Tina_Fey,1
Tina_Pisnik,1
Tina_Sinatra,1
Tino_Martinez,1
Tippi_Hedren,2
Tirunesh_Dibaba,1
Toby_Keith,1
Tocker_Pudwill,1
Todd_Haynes,4
Todd_MacCulloch,1
Todd_Parrott,1
Todd_Petit,1
Todd_Reid,1
Todd_Robbins,1
Todd_Wike,1
Tom_Amstutz,1
Tom_Brady,2
Tom_Brennan,1
Tom_Christerson,1
Tom_Coughlin,1
Tom_Coverdale,2
Tom_Craddick,4
Tom_Crean,5
Tom_Cruise,10
Tom_Curley,1
Tom_Daschle,25
Tom_DeLay,1
Tom_Foy,1
Tom_Gamboa,1
Tom_Glavine,2
Tom_Hanks,10
Tom_Hanusik,1
Tom_Harkin,5
Tom_Izzo,1
Tom_Jones,2
Tom_Kelly,1
Tom_Koenigs,1
Tom_Lantos,1
Tom_McClintock,1
Tom_Miller,1
Tom_Moss,1
Tom_OBrien,1
Tom_Osborne,1
Tom_Poston,1
Tom_Reilly,3
Tom_Ridge,33
Tom_Rouen,1
Tom_Schnackenberg,1
Tom_Scully,1
Tom_Sizemore,1
Tom_Smothers,1
Tom_Tunney,1
Tom_Vilsack,1
Tom_Watson,3
Tom_Welch,1
Tomas_Enge,1
Tomas_Malik,1
Tommy_Amaker,1
Tommy_Franks,16
Tommy_Haas,6
Tommy_Lasorda,1
Tommy_Lewis,1
Tommy_Maddox,1
Tommy_Robredo,3
Tommy_Shane_Steiner,1
Tommy_Thompson,10
Tommy_Tubberville,1
Tomoko_Hagiwara,2
Tomomi_Morita,1
Tonga,1
Toni_Braxton,3
Toni_Jennings,1
Tonino_Guerra,1
Tono_Suratman,1
Tony_Bennett,4
Tony_Blair,144
Tony_Clement,1
Tony_Cummo,1
Tony_Curtis,2
Tony_Elias,1
Tony_Fernandes,1
Tony_LaRussa,1
Tony_Parker,2
Tony_Shalhoub,4
Tony_Stewart,6
Tonya_Payne,1
Tora_Takagi,1
Tori_Amos,1
Torri_Edwards,2
Toshi_Izawa,1
Toshihiko_Fukui,3
Toshimitsu_Motegi,1
Toutai_Kefu,1
Tracee_Ellis_Ross,2
Tracee_Treadwell,1
Tracy_McGrady,2
Tracy_Wyle,1
Travis_Rudolph,1
Trent_Lott,16
Trevor_McDonald,1
Trevor_Watson,1
Trisha_Meili,1
Trista_Rehn,1
Tristan_Gretzky,1
Troy_Aikman,1
Troy_Garity,1
Troy_Hudson,1
Troy_Jenkins,1
Troy_Polamalu,1
Trudi_Lacey,1
Tsutomu_Takebe,2
Tubby_Smith,3
Tuncay_Sanli,1
Tung_Chee-hwa,9
Turner_Gill,1
Turner_Stevenson,1
Ty_Votaw,1
Tyler_Grillo,1
Tyler_Hamilton,2
Tyra_Banks,2
Tyron_Garner,2
Tyrone_Medley,1
Tzipora_Obziler,1
Uday_Hussein,1
Ulrich_Kueperkoch,1
Uma_Thurman,3
Uri_Lopolianski,1
Urmila_Matondkar,1
Uthai_Pimchaichon,1
Uzi_Even,1
Uzi_Landau,1
Vaclav_Havel,9
Vaclav_Klaus,2
Vadim_Devyatovskiy,1
Vadim_Strogalev,1
Vagit_Alekperov,1
Val_Ackerman,1
Valdas_Adamkus,2
Valentina_Cervi,1
Valentina_Tereshkova,1
Valentino_Rossi,6
Valeri_Bure,1
Valerie_Harper,2
Valerie_Thwaites,1
Valery_Giscard_dEstaing,6
Valorie_Brabazon,1
Van_Hilley,1
Vanessa_Incontrada,4
Vanessa_Laine,1
Vanessa_Redgrave,5
Vanessa_Williams,3
Vassilis_Xiros,1
Vecdi_Gonul,1
Venus_Williams,17
Vernon_Forrest,1
Veronica_Lake,1
Viara_Vike-Freiberga,1
Vicente_Fernandez,5
Vicente_Fox,32
Vicente_Fox_de_la_Concha,1
Vicki_Zhao_Wei,2
Victor_Garber,1
Victor_Hanescu,1
Victor_Kraatz,1
Victoria_Beckham,3
Victoria_Clarke,5
Vidar_Helgesen,2
Vijay_Nambiar,1
Viktor_Yushchenko,1
Vin_Diesel,2
Vince_Carter,4
Vince_Dooley,1
Vince_Gill,2
Vince_Vaughan,1
Vincent_Brooks,7
Vincent_Cianci_Jr,1
Vincent_Gallo,3
Vincent_Sombrotto,1
Vincent_Spadea,1
Vinnie_Jones,1
Viola_Davis,1
Virgina_Ruano_Pascal,1
Vitali_Klitschko,4
Vivica_Fox,2
Vladimir_Golovlyov,1
Vladimir_Meciar,1
Vladimir_Putin,49
Vladimir_Spidla,3
Vladimir_Ustinov,1
Vladimir_Voltchkov,2
Vladimiro_Montesinos,3
Vojislav_Kostunica,7
Vojislav_Seselj,1
Vyacheslav_Fetisov,1
Vytas_Danelius,1
Walid_Al-Awadi,1
Wallace_Capel,1
Wally_Szczerbiak,1
Walt_Harris,1
Walter_Annenberg,1
Walter_Mondale,10
Walter_Woods,1
Wan_Yanhai,1
Wanda_Ilene_Barzee,1
Wanda_de_la_Jesus,1
Wang_Fei,1
Wang_Hailan,1
Wang_Nan,1
Wang_Yi,2
Wang_Yingfan,3
Ward_Cuff,1
Warren_Beatty,2
Warren_Buffett,3
Warren_Granados,1
Warren_Truss,1
Wayne_Allard,1
Wayne_Brady,1
Wayne_Ferreira,5
Wayne_Gretzky,4
Wayne_Newton,1
Wei_Wu,1
Wen_Ho_Lee,1
Wen_Jiabao,13
Wendell_Bryant,1
Wendy_Kennedy,1
Wendy_Selig,1
Werner_Schlager,1
Wes_Craven,1
Wesley_Clark,2
Whoopi_Goldberg,1
Wilbert_Elki_Meza_Majino,1
Wilbert_Foy,1
Wilfredo_Moreno,1
Will_Ferrell,1
Will_Ofenheusle,1
Will_Self,1
Will_Smith,2
Will_Young,1
William_Bratton,3
William_Bulger,4
William_Burns,2
William_Cocksedge,1
William_Delahunt,1
William_Donaldson,7
William_Ford_Jr,7
William_Genego,1
William_Harrison,1
William_Hochul,2
William_Hurt,1
William_Hyde,1
William_Jackson,1
William_Joppy,1
William_Macy,5
William_Martin,2
William_McDonough,1
William_Morrow,1
William_Murabito,1
William_Nessen,1
William_Overlin,1
William_Perry,1
William_Pryor_Jr,1
William_Ragland,1
William_Rehnquist,2
William_Rosenberg,1
William_Shatner,1
William_Swor,1
William_Umbach,1
William_Webster,1
Willie_Nelson,1
Willie_Wilson,1
Willis_Roberts,1
Wilma_McNabb,1
Wilson_Alvarez,1
Wilton_Gregory,1
Wim_Duisenberg,1
Win_Aung,4
Winona_Ryder,24
Winston_Churchill,1
Wolfgang_Becker,1
Wolfgang_Clement,1
Wolfgang_Schneiderhan,1
Wolfgang_Schuessel,4
Wolfgang_Schwarz,1
Woodrow_Stanley,1
Woody_Allen,5
Wu_Peng,1
Wu_Yi,3
Wycliffe_Grousbeck,1
Xanana_Gusmao,5
Xavier_Malisse,5
Xiang_Huaicheng,1
Xiang_Liu,1
Xiang_Xu,1
Ximena_Bohorquez,1
Yale_Kamisar,1
Yana_Klochkova,1
Yang_Hee_Kim,1
Yang_Jianli,1
Yang_Pao-yu,1
Yann_Martel,2
Yannos_Papantoniou,1
Yao_Ming,8
Yasar_Yakis,4
Yasein_Taher,1
Yashwant_Sinha,7
Yasser_Arafat,8
Yasushi_Akashi,1
Yasushi_Chimura,1
Yekaterina_Guseva,1
Yevgeny_Kafelnikov,4
Yingfan_Wang,1
Yishan_Zhang,1
Yoelbi_Quesada,1
Yogi_Berra,1
Yoko_Ono,6
Yolanda_King,1
Yoo_Jay-Kun,1
Yoon_Jeong_Cho,1
Yoon_Jin-Sik,1
Yoon_Won-Sik,1
Yoon_Young-kwan,1
Yoriko_Kawaguchi,14
Yory_Boy_Campas,1
Yoshiyuki_Kamei,1
Yossi_Beilin,2
Young_Kim,1
Yu_Shyi-kun,4
Yukiko_Okudo,2
Yukio_Hatoyama,1
Yuri_Fedotov,2
Yuri_Luzhkov,1
Yuri_Malenchenko,2
Yusaku_Miyazato,1
Yusuf_Misbac,1
Yuvraj_Singh,1
Yves_Brodeur,1
Zach_Parise,1
Zach_Pillar,1
Zach_Safrin,1
Zafarullah_Khan_Jamali,2
Zahir_Shah,1
Zaini_Abdullah,1
Zakia_Hakki,1
Zalmay_Khalilzad,1
Zara_Akhmadova,1
Zarai_Toledo,2
Zavad_Zarif,1
Zdravko_Mucic,1
Zeljko_Rebraca,1
Zelma_Novelo,1
Zeng_Qinghong,1
Zhang_Wenkang,2
Zhang_Yimou,1
Zhang_Ziyi,4
Zhong_Nanshan,1
Zhu_Rongji,9
Zico,3
Zinedine_Zidane,6
Ziwang_Xu,1
Zoe_Ball,1
Zoran_Djindjic,4
Zorica_Radovic,1
Zulfiqar_Ahmed,1
Zumrati_Juma,1
Zurab_Tsereteli,1
Zydrunas_Ilgauskas,1
